"seondary"	"mass"	"charge"	"10 MeV"	"20 MeV"	"30 MeV"	"40 MeV"	"50 MeV"	"60 MeV"	"70 MeV"	"80 MeV"	"90 MeV"	"100 MeV"	"110 MeV"	"120 MeV"	"130 MeV"	"140 MeV"	"150 MeV"	"160 MeV"	"170 MeV"	"180 MeV"	"190 MeV"	"200 MeV"	"210 MeV"	"220 MeV"	"230 MeV"	"240 MeV"	"250 MeV"	"260 MeV"	"270 MeV"	"280 MeV"	"290 MeV"	"300 MeV"	"310 MeV"	"320 MeV"	"330 MeV"	"340 MeV"	"350 MeV"	"360 MeV"	"370 MeV"	"380 MeV"	"390 MeV"	"400 MeV"	"410 MeV"	"420 MeV"	"430 MeV"	"440 MeV"	"450 MeV"
"alpha"	3727.379	2	1.56104	1.77239	1.45612	1.29281	1.40847	1.3821	1.39581	1.42951	1.4685	1.50562	1.53659	1.56177	1.58268	1.59765	1.60998	1.61886	1.62542	1.63018	1.63381	1.63537	1.63655	1.6364	1.63564	1.63459	1.63297	1.63089	1.6283	1.62536	1.62249	1.61981	1.61668	1.61359	1.61031	1.6073	1.60382	1.60097	1.59775	1.59473	1.59156	1.58948	1.58629	1.5838	1.58069	1.57843	1.57544
"B10"	9324.436693	5	0.017157	0.0882149	0.0820907	0.0708365	0.100024	0.110811	0.119215	0.122589	0.122331	0.119891	0.116823	0.113722	0.111	0.108525	0.106618	0.10505	0.103679	0.102609	0.101778	0.101055	0.100639	0.100086	0.0995977	0.099352	0.098994	0.0987248	0.0984797	0.0982615	0.0980484	0.0980363	0.0977601	0.0977464	0.0978789	0.0976983	0.0976468	0.0975226	0.09748	0.0974476	0.0974802	0.0973735	0.0973483	0.0973543	0.0972318	0.0970966	0.0971407
"B11"	10252.54792	5	0.0312735	0.0974274	0.0754744	0.0690444	0.254979	0.272645	0.272751	0.265321	0.255861	0.246846	0.239483	0.233704	0.228873	0.225271	0.222478	0.220453	0.218886	0.217345	0.216039	0.215119	0.213989	0.213385	0.212721	0.21208	0.211593	0.211011	0.210819	0.210673	0.210274	0.210124	0.210031	0.209823	0.209619	0.209425	0.209391	0.209241	0.209181	0.208977	0.208685	0.208447	0.208234	0.207903	0.207758	0.207502	0.207295
"B12"	11188.74292	5	0.000258533	0.00803407	0.00659363	0.00623927	0.0342161	0.0297122	0.0237485	0.0189242	0.0156589	0.0134077	0.0118454	0.0106795	0.00974543	0.00896113	0.0083084	0.00770913	0.00714147	0.00665727	0.0062374	0.0058077	0.00542937	0.00509687	0.00480987	0.00451387	0.0042677	0.0040212	0.00382733	0.00362433	0.00342507	0.0032525	0.00309117	0.0029672	0.00282823	0.002724	0.0025889	0.00250097	0.00239927	0.00233347	0.00226277	0.00217867	0.00213653	0.0020771	0.00200613	0.0019752	0.00191343
"B13"	12123.43021	5	0	3.76e-05	6.36667e-06	8.6e-06	0.00475948	0.0019777	0.000584733	0.0001528	3.47e-05	8.26667e-06	1.73333e-06	3.33333e-07	1.33333e-07	0	0	0	0	0	0	1e-07	3.33333e-08	3.33333e-08	6.66667e-08	1e-07	1e-07	2.66667e-07	2.33333e-07	5.66667e-07	4.33333e-07	7e-07	7.66667e-07	9e-07	1.16667e-06	1.03333e-06	9e-07	9.33333e-07	7.66667e-07	6.33333e-07	7.33333e-07	4e-07	7.66667e-07	6e-07	7.66667e-07	8e-07	5.66667e-07
"B14"	13062.02576	5	0	3.76667e-06	1.2e-06	4.66667e-07	0.000296276	3.25333e-05	2.16667e-06	1e-07	0	0	0	0	0	0	0	0	0	0	0	0	0	0	0	0	0	0	0	0	0	0	0	0	0	0	0	0	0	0	0	0	0	0	0	0	0
"B15"	13998.82838	5	0	6.66667e-08	1e-07	3.33333e-08	4.41379e-06	1.33333e-07	0	0	0	0	0	0	0	0	0	0	0	0	0	0	0	0	0	0	0	0	0	0	0	0	0	0	0	0	0	0	0	0	0	0	0	0	0	0	0
"B8"	7472.319396	5	0.0001048	9.31667e-05	6.66667e-06	7.66667e-07	0.000193276	0.000197467	0.0002151	0.000236867	0.000255633	0.000282833	0.0002897	0.000294233	0.000307967	0.000307533	0.000309767	0.000302333	0.0002972	0.0002987	0.000296667	0.0002952	0.0002887	0.000286667	0.000288467	0.0002801	0.000282167	0.0002777	0.000277833	0.0002755	0.0002775	0.000270967	0.0002753	0.000272967	0.000273833	0.0002729	0.000276233	0.000274467	0.000276933	0.0002737	0.000274467	0.000269933	0.000276733	0.0002762	0.000279933	0.000282867	0.000283367
"Be10"	9325.503351	4	0.000476533	0.0161159	0.0176923	0.0170107	0.031937	0.0440872	0.0523888	0.0553522	0.0548696	0.0527017	0.0500197	0.0470723	0.044523	0.0422263	0.0401644	0.0384285	0.0369166	0.0357147	0.0346388	0.0336963	0.0328838	0.0322662	0.0316326	0.0311539	0.0307345	0.0303995	0.0300112	0.0297436	0.0295659	0.0293459	0.0291955	0.0290606	0.0290151	0.0289076	0.0288436	0.0288095	0.0288007	0.0287247	0.028683	0.0287068	0.0286359	0.0286099	0.0286447	0.0286513	0.0286884
"Be11"	10264.56477	4	1.23333e-06	3.2e-06	4.66667e-07	2e-07	0.000559586	0.000889667	0.00101527	0.000967967	0.000873367	0.0007742	0.000685833	0.000606033	0.000534633	0.000481067	0.000439033	0.000397167	0.0003677	0.000342467	0.0003193	0.000298833	0.0002861	0.000270267	0.000257	0.000245667	0.000232533	0.0002232	0.0002148	0.000208	0.000199	0.000194567	0.0001857	0.000176933	0.000173667	0.0001724	0.000170533	0.0001625	0.000157833	0.000154867	0.000146233	0.0001482	0.0001443	0.000140233	0.0001414	0.000140067	0.000137667
"Be12"	11200.96124	4	0	2.33333e-07	3e-07	1e-07	0.00290717	0.0027594	0.00202933	0.0013623	0.000918833	0.000641667	0.000480933	0.000365633	0.0002827	0.000232767	0.000190767	0.0001563	0.0001356	0.000111333	9.72e-05	8.28333e-05	7.31667e-05	6.53667e-05	5.56333e-05	4.94667e-05	4.30667e-05	3.88667e-05	3.40667e-05	3.28667e-05	2.9e-05	2.64333e-05	2.28667e-05	2.15667e-05	2.01667e-05	1.91667e-05	1.80667e-05	1.69667e-05	1.58333e-05	1.61e-05	1.53e-05	1.48667e-05	1.53e-05	1.42e-05	1.42e-05	1.38e-05	1.27e-05
"Be14"	13078.82729	4	0	0	0	0	2.6069e-05	4.03333e-06	4e-07	3.33333e-08	0	0	0	0	0	0	0	0	0	0	0	0	0	0	0	0	0	0	0	0	0	0	0	0	0	0	0	0	0	0	0	0	0	0	0	0	0
"Be7"	6534.184631	4	0.0083369	0.0354007	0.0386161	0.0410803	0.0938747	0.0946076	0.0952854	0.0963557	0.0973301	0.0977577	0.0976852	0.0973132	0.0967376	0.0961466	0.0954639	0.0949157	0.0943606	0.0938716	0.0933649	0.0929996	0.0924126	0.0920288	0.0915749	0.0910592	0.0904671	0.0901619	0.0897355	0.0892528	0.0889718	0.088476	0.088029	0.0876189	0.0873329	0.0869246	0.0866348	0.086252	0.0860077	0.0857825	0.0856231	0.0852556	0.0849216	0.0847153	0.0845298	0.0843119	0.0840802
"Be9"	8392.750301	4	0.007765	0.0371372	0.0369139	0.0373327	0.0275682	0.0281239	0.030713	0.0336516	0.0358844	0.0375309	0.0384914	0.0390474	0.0392508	0.0392633	0.0389586	0.0386043	0.0382168	0.0377807	0.0372411	0.0367396	0.0363462	0.0358504	0.0354382	0.0350515	0.0346856	0.0343981	0.0340378	0.0337696	0.0335104	0.0331684	0.0329905	0.0328692	0.0326491	0.0325419	0.0323125	0.0322394	0.0321228	0.0319691	0.0318929	0.0318059	0.0316122	0.0315721	0.0314906	0.0313108	0.031345
"C10"	9327.574014	6	0.000168567	0.00518767	0.00950633	0.0104787	0.0297021	0.0402488	0.046341	0.0472166	0.0452786	0.0424204	0.0394111	0.0367175	0.0342038	0.0322303	0.0305631	0.0290189	0.0277457	0.0267409	0.0258302	0.0250726	0.0243724	0.0238369	0.0233105	0.0229158	0.0225462	0.0222076	0.0219505	0.0217118	0.0214979	0.0213763	0.0212441	0.0211045	0.0209607	0.0209238	0.0208547	0.0208067	0.0207763	0.0207325	0.020732	0.0206579	0.0207168	0.0206854	0.0206818	0.0206485	0.0207076
"C11"	10254.0197	6	0.0169239	0.0621601	0.0587004	0.0532842	0.269444	0.28484	0.282286	0.272975	0.262908	0.253776	0.246249	0.240183	0.235293	0.231606	0.228538	0.22615	0.224192	0.222473	0.221026	0.220004	0.218995	0.218269	0.217554	0.216973	0.216739	0.216336	0.216188	0.216146	0.21595	0.215838	0.215833	0.215788	0.21572	0.215693	0.215772	0.215685	0.215515	0.215586	0.215326	0.215145	0.215034	0.2149	0.214821	0.214501	0.214188
"C12"	11174.86339	6	0.232806	0.156143	0.165445	0.185575	0.19547	0.156558	0.121108	0.0960984	0.0795973	0.0683585	0.0605355	0.0546211	0.0499484	0.0461595	0.0428481	0.0399882	0.0374754	0.0351823	0.033157	0.031314	0.029594	0.0280949	0.0267323	0.0254509	0.0243259	0.0233826	0.0224261	0.0216113	0.020909	0.0202129	0.0196346	0.0190946	0.0186109	0.0181553	0.0178265	0.0175145	0.0172275	0.0169445	0.0167482	0.0165273	0.0163569	0.0162098	0.0160236	0.0159261	0.0157793
"C13"	12109.48243	6	0.0655761	0.0673833	0.108028	0.108436	0.0245224	0.00935093	0.00289887	0.000831	0.000222633	5.88e-05	1.30667e-05	2e-06	2.66667e-07	3.33333e-08	3.33333e-08	0	0	0	0	6.66667e-08	2.33333e-07	2.33333e-07	1e-07	3.33333e-07	5.33333e-07	1.3e-06	2.03333e-06	2.76667e-06	3.73333e-06	4.03333e-06	4.43333e-06	5.4e-06	6.03333e-06	6.76667e-06	7.06667e-06	7.53333e-06	7.56667e-06	7.9e-06	6.93333e-06	6.1e-06	6.83333e-06	7.23333e-06	7.13333e-06	6.53333e-06	6.63333e-06
"C14"	13040.87134	6	0.0071447	0.0137915	0.0117154	0.00882563	0.00260252	0.0003084	2.27333e-05	1.1e-06	3.33333e-08	0	0	0	0	0	0	0	0	0	0	0	0	0	0	0	0	0	0	0	0	0	0	0	0	0	0	0	0	0	0	0	0	0	0	0	0
"C15"	13979.21862	6	0	0	3.33333e-08	3.33333e-08	2.01379e-05	2.66667e-07	0	0	0	0	0	0	0	0	0	0	0	0	0	0	0	0	0	0	0	0	0	0	0	0	0	0	0	0	0	0	0	0	0	0	0	0	0	0	0
"C16"	14914.53363	6	0	0	0	0	2.75862e-07	0	0	0	0	0	0	0	0	0	0	0	0	0	0	0	0	0	0	0	0	0	0	0	0	0	0	0	0	0	0	0	0	0	0	0	0	0	0	0	0
"C17"	15853.37236	6	0	2.66667e-07	1e-07	0	0	0	0	0	0	0	0	0	0	0	0	0	0	0	0	0	0	0	0	0	0	0	0	0	0	0	0	0	0	0	0	0	0	0	0	0	0	0	0	0	0
"C9"	8409.291795	6	0	5.33333e-07	8e-07	8e-07	0.000464966	0.0007871	0.00118933	0.00147197	0.0016037	0.00163927	0.0016157	0.00156403	0.0015149	0.00143867	0.00137943	0.0013224	0.001259	0.0012171	0.00117017	0.0011332	0.0011	0.00107897	0.00105943	0.00103967	0.00101277	0.0010018	0.000976433	0.000979433	0.000951267	0.000935067	0.0009414	0.0009261	0.000934833	0.000921433	0.000924433	0.000926367	0.0009111	0.0009134	0.000917367	0.000920433	0.000926967	0.0009189	0.000930233	0.000924833	0.000931567
"deuteron"	1875.613	1	0.40268	1.03131	1.23866	1.49154	0.308642	0.30291	0.301194	0.301532	0.303761	0.307858	0.31267	0.318145	0.323628	0.328798	0.333897	0.338678	0.343447	0.347864	0.352179	0.35628	0.360565	0.364415	0.368805	0.372514	0.37569	0.379368	0.38278	0.385805	0.389315	0.392061	0.394726	0.397469	0.400064	0.402476	0.404425	0.406666	0.408816	0.410499	0.412527	0.414142	0.415818	0.417438	0.418796	0.420166	0.421327
"F17"	15832.75394	9	0.0070354	0.000627033	5.06333e-05	7.96667e-06	0	0	0	0	0	0	0	0	0	0	0	0	0	0	0	0	0	0	0	0	0	0	0	0	0	0	0	0	0	0	0	0	0	0	0	0	0	0	0	0	0
"F18"	16763.16997	9	0.0242424	0.0016793	5.65e-05	6.23333e-06	0	0	0	0	0	0	0	0	0	0	0	0	0	0	0	0	0	0	0	0	0	0	0	0	0	0	0	0	0	0	0	0	0	0	0	0	0	0	0	0	0
"F19"	17692.30291	9	0.0142891	0.000599	1.11e-05	1.06667e-06	0	0	0	0	0	0	0	0	0	0	0	0	0	0	0	0	0	0	0	0	0	0	0	0	0	0	0	0	0	0	0	0	0	0	0	0	0	0	0	0	0
"F20"	18625.26692	9	0.0138074	0.000112067	9.16667e-06	4.16667e-06	0	0	0	0	0	0	0	0	0	0	0	0	0	0	0	0	0	0	0	0	0	0	0	0	0	0	0	0	0	0	0	0	0	0	0	0	0	0	0	0	0
"F21"	19556.7308	9	0.000510267	1.53333e-06	6.33333e-07	3e-07	0	0	0	0	0	0	0	0	0	0	0	0	0	0	0	0	0	0	0	0	0	0	0	0	0	0	0	0	0	0	0	0	0	0	0	0	0	0	0	0	0
"gamma"	0	0	1.05243	0.645956	0.557752	0.502434	0.920899	0.928553	0.920014	0.898019	0.869258	0.839188	0.811409	0.786474	0.764909	0.746669	0.731236	0.718064	0.706966	0.697232	0.688512	0.681511	0.674914	0.669453	0.664408	0.660046	0.656299	0.652913	0.650318	0.647986	0.645865	0.643909	0.642323	0.640854	0.640018	0.63862	0.637888	0.636768	0.636144	0.635393	0.634493	0.633555	0.633108	0.632397	0.631759	0.630892	0.630593
"H7"	6569.082212	1	0	0	0	0	1.62069e-06	1.66667e-06	1.9e-06	4.3e-06	8.63333e-06	1.49667e-05	2.12333e-05	2.65333e-05	3.07e-05	3.35667e-05	3.49e-05	3.78667e-05	3.79333e-05	3.60667e-05	3.56333e-05	3.79667e-05	3.53e-05	3.60333e-05	3.54667e-05	3.60667e-05	3.31e-05	3.36667e-05	3.39667e-05	3.32333e-05	3.18e-05	3.07e-05	3.00667e-05	3.00667e-05	2.93667e-05	2.89e-05	3.01e-05	2.82e-05	2.91333e-05	2.81e-05	2.89e-05	3.05667e-05	2.88333e-05	2.92e-05	2.79e-05	2.84333e-05	2.98667e-05
"He10"	9362.727561	2	0	0	0	0	5.06897e-06	3.22667e-05	7.26333e-05	0.000100433	0.000104133	9.57333e-05	8.40667e-05	7.15333e-05	5.91333e-05	5.02333e-05	4.4e-05	3.72667e-05	2.94e-05	2.51333e-05	2.18e-05	1.99333e-05	1.81e-05	1.53333e-05	1.43333e-05	1.21e-05	1.01667e-05	9.3e-06	9.5e-06	8.36667e-06	7.96667e-06	6.13333e-06	7.06667e-06	5.36667e-06	5.73333e-06	5.9e-06	4.7e-06	5.5e-06	4.66667e-06	4.46667e-06	4.2e-06	4.9e-06	5e-06	4.5e-06	4.3e-06	4.13333e-06	4.3e-06
"He3"	2808.391	2	0.0745906	0.280875	0.655551	0.774485	0.126818	0.126323	0.126807	0.128716	0.131809	0.135595	0.139476	0.142789	0.145997	0.148859	0.151179	0.153316	0.155338	0.157041	0.158629	0.160076	0.161552	0.162776	0.164267	0.165396	0.166684	0.167794	0.168706	0.169708	0.170613	0.171338	0.172178	0.172779	0.173464	0.174107	0.17471	0.175053	0.175636	0.176037	0.17675	0.176993	0.177372	0.177694	0.177999	0.178251	0.178531
"He6"	5605.537352	2	0.0006038	0.00470373	0.00507697	0.00574283	0.00934255	0.0100198	0.0107248	0.0116152	0.0126592	0.0136966	0.014585	0.0153912	0.0159408	0.0163647	0.0165753	0.0166799	0.016696	0.0166434	0.0165284	0.0164373	0.016282	0.0161547	0.0160362	0.0159109	0.0157373	0.0156267	0.0154702	0.015336	0.0152301	0.0150824	0.0149956	0.0148738	0.0147495	0.0147036	0.0146125	0.0144653	0.0144186	0.01431	0.0142357	0.0141749	0.0141436	0.0140498	0.0140165	0.0140116	0.0139435
"He8"	7482.528346	2	0	2.2e-06	1.66667e-06	6.33333e-07	1.66552e-05	2.91667e-05	6.41e-05	0.000128933	0.000194533	0.0002465	0.000281067	0.0002926	0.000302367	0.000297167	0.0002872	0.000275267	0.000267167	0.000258933	0.0002408	0.000235	0.000228767	0.000215233	0.000205367	0.000201667	0.0001938	0.0001897	0.000183633	0.000180433	0.000175	0.0001707	0.0001713	0.000162067	0.000160767	0.000157567	0.000157067	0.000158367	0.000154733	0.000151233	0.0001521	0.0001526	0.000149133	0.000148733	0.000147533	0.000152733	0.000150967
"Li11"	10285.69882	3	0	0	0	0	0.000257931	0.0004838	0.000523867	0.0004558	0.000358233	0.0002736	0.000213233	0.0001678	0.000133633	0.000109233	8.69e-05	7.13e-05	6.11e-05	5.21333e-05	4.61667e-05	4.15667e-05	3.53e-05	3.07e-05	2.7e-05	2.44333e-05	1.97e-05	1.99333e-05	1.77333e-05	1.58667e-05	1.56333e-05	1.39e-05	1.19667e-05	1.20333e-05	1.10667e-05	9.3e-06	9.86667e-06	9.3e-06	8.6e-06	8.33333e-06	8.66667e-06	8.43333e-06	7.76667e-06	7.73333e-06	8.26667e-06	8.2e-06	7.96667e-06
"Li3"	2821.616287	3	0	0	0	0	9.75862e-06	1.09333e-05	1.14667e-05	1.11e-05	1.46667e-05	1.96333e-05	2.70333e-05	3.57667e-05	4.57e-05	5.2e-05	5.93667e-05	6.78e-05	7.90667e-05	8.86667e-05	0.000102033	0.000107967	0.0001206	0.000127333	0.000138667	0.000152067	0.000162067	0.000171967	0.0001821	0.000188	0.000203567	0.0002081	0.0002171	0.000224633	0.000229167	0.000231933	0.000242233	0.000252367	0.000257733	0.000261733	0.000266033	0.000270267	0.000276267	0.000278733	0.0002816	0.000289333	0.000294133
"Li6"	5601.518164	3	0.0187828	0.0681144	0.0624855	0.0601273	0.0795136	0.0862532	0.0931044	0.0984812	0.101991	0.104172	0.105238	0.105643	0.105633	0.105365	0.104856	0.104338	0.103701	0.103142	0.102517	0.101901	0.101277	0.100582	0.100177	0.099575	0.0991566	0.0987589	0.0984457	0.0980081	0.097666	0.097339	0.0970143	0.0967533	0.0964297	0.0961779	0.0958943	0.0955959	0.0954298	0.0950715	0.094781	0.0944563	0.0942616	0.0940723	0.0937938	0.0933855	0.0931646
"Li7"	6533.83354	3	0.0126612	0.0490124	0.0462539	0.0482707	0.10764	0.108758	0.108228	0.10712	0.106119	0.105158	0.104366	0.103757	0.103174	0.102987	0.102992	0.103046	0.103117	0.1033	0.103628	0.103969	0.104326	0.104398	0.104584	0.104629	0.104688	0.104485	0.104453	0.104129	0.103815	0.103591	0.103289	0.102924	0.102598	0.102276	0.101817	0.10154	0.10124	0.100949	0.100612	0.100222	0.0999657	0.0995263	0.0993269	0.0990319	0.0987973
"Li8"	7471.366271	3	0.000452567	0.0056679	0.00751817	0.00948633	0.0119209	0.0117684	0.0128717	0.0143114	0.0154453	0.0161567	0.0165334	0.0165931	0.0164363	0.0162014	0.0159162	0.0155999	0.0153231	0.0151476	0.0149328	0.0148239	0.0146527	0.0144915	0.014337	0.0142196	0.0140479	0.0139938	0.0138308	0.0136912	0.0136228	0.0134748	0.0133761	0.0133112	0.0131877	0.0131155	0.0130508	0.0129544	0.0128875	0.0128097	0.0127413	0.0127188	0.0126715	0.0125861	0.0125356	0.0125063	0.0125244
"Li9"	8406.867719	3	6.13333e-06	4.96333e-05	1.64e-05	4.03333e-06	0.000554103	0.00132657	0.00236803	0.0032113	0.00366577	0.00384913	0.00382283	0.00367227	0.00349053	0.00328927	0.00310427	0.0029116	0.00279087	0.00263143	0.002509	0.00241317	0.0023095	0.00223173	0.00214137	0.00210857	0.00202593	0.00197727	0.00194653	0.00190347	0.00186167	0.00181873	0.00181763	0.0017901	0.0017753	0.00176033	0.00174503	0.00173273	0.00171367	0.00173137	0.00171163	0.00171203	0.0017151	0.0017087	0.0017106	0.00169777	0.0017135
"Mg21"	19566.15859	12	6.66667e-07	0	2.33333e-07	1.33333e-07	0	0	0	0	0	0	0	0	0	0	0	0	0	0	0	0	0	0	0	0	0	0	0	0	0	0	0	0	0	0	0	0	0	0	0	0	0	0	0	0	0
"Mg22"	20486.34515	12	1.43667e-05	2.46667e-06	2.2e-06	8e-07	0	0	0	0	0	0	0	0	0	0	0	0	0	0	0	0	0	0	0	0	0	0	0	0	0	0	0	0	0	0	0	0	0	0	0	0	0	0	0	0	0
"Mg23"	21412.76237	12	2.50333e-05	4.06667e-05	1.37e-05	4.6e-06	0	0	0	0	0	0	0	0	0	0	0	0	0	0	0	0	0	0	0	0	0	0	0	0	0	0	0	0	0	0	0	0	0	0	0	0	0	0	0	0	0
"Mg24"	22335.7966	12	0.000268633	0.000303633	2.94e-05	2.4e-06	0	0	0	0	0	0	0	0	0	0	0	0	0	0	0	0	0	0	0	0	0	0	0	0	0	0	0	0	0	0	0	0	0	0	0	0	0	0	0	0	0
"N12"	11191.69094	7	2.6e-06	1.8e-05	1.67333e-05	1.02667e-05	0.00821441	0.0081147	0.00723287	0.00638457	0.00575013	0.005332	0.00501127	0.00481157	0.00460877	0.00444087	0.00427613	0.00411817	0.00397077	0.0037978	0.0036465	0.0034912	0.00331563	0.00322093	0.00307227	0.002919	0.00280967	0.00268243	0.00257873	0.00246177	0.00234257	0.00224657	0.00214533	0.00203287	0.0019702	0.00186303	0.00177863	0.00171493	0.00163983	0.00158117	0.00150927	0.00146113	0.00141427	0.00137043	0.00132173	0.00127903	0.0012409
"N13"	12111.19236	7	0.00889853	0.0106031	0.0347385	0.0387362	0.0184223	0.0071915	0.00230997	0.000685667	0.0001889	4.67e-05	1.02e-05	1.83333e-06	3e-07	0	0	3.33333e-08	0	0	6.66667e-08	3.33333e-08	2.33333e-07	2e-07	2e-07	3e-07	7e-07	8e-07	1.73333e-06	2.6e-06	3.43333e-06	3.56667e-06	5.66667e-06	4.66667e-06	6.13333e-06	6e-06	5.83333e-06	7.06667e-06	7.3e-06	7.6e-06	6.83333e-06	7.46667e-06	7.46667e-06	6.93333e-06	6.2e-06	7.4e-06	6.8e-06
"N14"	13040.20433	7	0.18648	0.0957969	0.0658681	0.0441576	0.005136	0.000592067	4.23333e-05	1.7e-06	1e-07	0	0	0	0	0	0	0	0	0	0	0	0	0	0	0	0	0	0	0	0	0	0	0	0	0	0	0	3.33333e-08	0	0	0	0	0	0	0	0
"N15"	13968.93638	7	0.0675518	0.0677248	0.0277607	0.0122661	0.000215448	3.26667e-06	3.33333e-08	0	0	0	0	0	0	0	0	0	0	0	0	0	0	0	0	0	0	0	0	0	0	0	0	0	0	0	0	0	0	0	0	0	0	0	0	0	0
"N16"	14906.01262	7	0.00362767	0.000244633	5.46667e-06	3.66667e-07	3.7931e-07	0	0	0	0	0	0	0	0	0	0	0	0	0	0	0	0	0	0	0	0	0	0	0	0	0	0	0	0	0	0	0	0	0	0	0	0	0	0	0	0
"N17"	15839.69436	7	3.96333e-05	0.000219167	2.67333e-05	6e-06	0	0	0	0	0	0	0	0	0	0	0	0	0	0	0	0	0	0	0	0	0	0	0	0	0	0	0	0	0	0	0	0	0	0	0	0	0	0	0	0	0
"N18"	16776.43149	7	0	1.33e-05	1.13333e-06	3e-07	0	0	0	0	0	0	0	0	0	0	0	0	0	0	0	0	0	0	0	0	0	0	0	0	0	0	0	0	0	0	0	0	0	0	0	0	0	0	0	0	0
"N19"	17710.67318	7	0	1.33333e-07	3.33333e-08	0	0	0	0	0	0	0	0	0	0	0	0	0	0	0	0	0	0	0	0	0	0	0	0	0	0	0	0	0	0	0	0	0	0	0	0	0	0	0	0	0	0
"Na20"	18631.11174	11	0.000204367	5.73333e-06	3.63333e-06	2.13333e-06	0	0	0	0	0	0	0	0	0	0	0	0	0	0	0	0	0	0	0	0	0	0	0	0	0	0	0	0	0	0	0	0	0	0	0	0	0	0	0	0	0
"Na21"	19553.57389	11	0.00220813	2.93333e-05	1.68e-05	8.53333e-06	0	0	0	0	0	0	0	0	0	0	0	0	0	0	0	0	0	0	0	0	0	0	0	0	0	0	0	0	0	0	0	0	0	0	0	0	0	0	0	0	0
"Na22"	20482.06964	11	0.00123637	0.0001024	3.02667e-05	1.27667e-05	0	0	0	0	0	0	0	0	0	0	0	0	0	0	0	0	0	0	0	0	0	0	0	0	0	0	0	0	0	0	0	0	0	0	0	0	0	0	0	0	0
"Na23"	21409.21625	11	7.33333e-05	7.2e-05	1.61e-05	7.06667e-06	0	0	0	0	0	0	0	0	0	0	0	0	0	0	0	0	0	0	0	0	0	0	0	0	0	0	0	0	0	0	0	0	0	0	0	0	0	0	0	0	0
"Ne16"	14922.79447	10	0	0	0	3.33333e-08	4.48276e-07	3.33333e-08	0	0	0	0	0	0	0	0	0	0	0	0	0	0	0	0	0	0	0	0	0	0	0	0	0	0	0	0	0	0	0	0	0	0	0	0	0	0	0
"Ne17"	15846.75293	10	9.66667e-07	1.5e-06	3e-07	2.33333e-07	6.89655e-08	0	0	0	0	0	0	0	0	0	0	0	0	0	0	0	0	0	0	0	0	0	0	0	0	0	0	0	0	0	0	0	0	0	0	0	0	0	0	0	0
"Ne18"	16767.10323	10	0.000113433	5.45667e-05	4.76667e-06	2.53333e-06	0	0	0	0	0	0	0	0	0	0	0	0	0	0	0	0	0	0	0	0	0	0	0	0	0	0	0	0	0	0	0	0	0	0	0	0	0	0	0	0	0
"Ne19"	17695.03153	10	0.0022167	0.000166367	1.15333e-05	5.93333e-06	0	0	0	0	0	0	0	0	0	0	0	0	0	0	0	0	0	0	0	0	0	0	0	0	0	0	0	0	0	0	0	0	0	0	0	0	0	0	0	0	0
"Ne20"	18617.73218	10	0.0684784	0.000143667	1.9e-06	1.66667e-07	0	0	0	0	0	0	0	0	0	0	0	0	0	0	0	0	0	0	0	0	0	0	0	0	0	0	0	0	0	0	0	0	0	0	0	0	0	0	0	0	0
"Ne21"	19550.53637	10	0.0235823	3.22333e-05	8.96667e-06	3.83333e-06	0	0	0	0	0	0	0	0	0	0	0	0	0	0	0	0	0	0	0	0	0	0	0	0	0	0	0	0	0	0	0	0	0	0	0	0	0	0	0	0	0
"Ne22"	20479.73746	10	0.000414667	1.09333e-05	2.8e-06	1.66667e-06	0	0	0	0	0	0	0	0	0	0	0	0	0	0	0	0	0	0	0	0	0	0	0	0	0	0	0	0	0	0	0	0	0	0	0	0	0	0	0	0	0
"neutron"	939.565378	0	0.748579	1.23937	0.964905	0.960406	1.68564	1.90368	2.08751	2.24459	2.37939	2.49667	2.59699	2.68364	2.75946	2.82452	2.88173	2.93141	2.97558	3.01599	3.052	3.0839	3.1144	3.14182	3.16691	3.19106	3.21246	3.23297	3.2514	3.26921	3.28647	3.30219	3.31677	3.33053	3.34376	3.35649	3.36899	3.3805	3.39115	3.40236	3.41392	3.42482	3.43555	3.44649	3.45679	3.46749	3.47738
"O13"	12128.44888	8	0	1.53333e-06	6.33333e-07	6e-07	0.0049901	0.00207887	0.000617933	0.000161867	3.99333e-05	8.46667e-06	1.66667e-06	3e-07	1.66667e-07	0	0	0	0	0	0	0	3.33333e-08	3.33333e-08	6.66667e-08	1e-07	2e-07	1.66667e-07	3e-07	8.33333e-07	4.66667e-07	5e-07	9e-07	1.13333e-06	1e-06	1.06667e-06	1.1e-06	9.66667e-07	1.03333e-06	9e-07	1.16667e-06	8.33333e-07	8.33333e-07	8.66667e-07	1.16667e-06	7.66667e-07	5e-07
"O14"	13044.83784	8	5.44667e-05	2.19667e-05	0.000694933	0.000887533	0.00358017	0.000411733	2.89e-05	1.26667e-06	3.33333e-08	0	0	0	0	0	0	0	0	0	0	0	0	0	0	0	0	0	0	0	0	0	0	0	0	0	0	0	0	0	0	0	0	0	0	0	0
"O15"	13971.18011	8	0.0195124	0.0208604	0.00978603	0.0044679	0.000222103	3.76667e-06	0	0	0	0	0	0	0	0	0	0	0	0	0	0	0	0	0	0	0	0	0	0	0	0	0	0	0	0	0	0	0	0	0	0	0	0	0	0	0
"O16"	14895.08153	8	0.082834	0.0071588	0.000740967	0.0001564	1.37931e-06	0	0	0	0	0	0	0	0	0	0	0	0	0	0	0	0	0	0	0	0	0	0	0	0	0	0	0	0	0	0	0	0	0	0	0	0	0	0	0	0
"O17"	15830.50375	8	0.0809801	0.00718673	0.000542967	8.83333e-05	0	0	0	0	0	0	0	0	0	0	0	0	0	0	0	0	0	0	0	0	0	0	0	0	0	0	0	0	0	0	0	0	0	0	0	0	0	0	0	0	0
"O18"	16762.02507	8	0.00361337	0.00152833	6.51333e-05	1.02333e-05	0	0	0	0	0	0	0	0	0	0	0	0	0	0	0	0	0	0	0	0	0	0	0	0	0	0	0	0	0	0	0	0	0	0	0	0	0	0	0	0	0
"O19"	17697.63549	8	0.000170967	8.49333e-05	2.63333e-06	1.06667e-06	0	0	0	0	0	0	0	0	0	0	0	0	0	0	0	0	0	0	0	0	0	0	0	0	0	0	0	0	0	0	0	0	0	0	0	0	0	0	0	0	0
"O20"	18629.59211	8	3.43333e-06	1.5e-06	3.33333e-08	6.66667e-08	0	0	0	0	0	0	0	0	0	0	0	0	0	0	0	0	0	0	0	0	0	0	0	0	0	0	0	0	0	0	0	0	0	0	0	0	0	0	0	0	0
"pi-"	139.57018	-1	0	0	0	0	0	0	0	0	0	0	0	0	0	0	0	3.33333e-08	2.66667e-07	6e-07	1.76667e-06	3.4e-06	8e-06	1.68333e-05	3.15667e-05	5.28667e-05	9.17e-05	0.000159267	0.000280467	0.000491767	0.000814533	0.00129033	0.00201517	0.0029742	0.00425723	0.00591553	0.00793473	0.0104412	0.0133839	0.0168027	0.0207457	0.0251546	0.0301539	0.0354792	0.0415202	0.0479308	0.0547876
"pi+"	139.57018	1	0	0	0	0	0	0	0	0	0	0	0	0	0	0	0	3.33333e-08	1e-07	2e-07	1.06667e-06	2.63333e-06	6.8e-06	1.28e-05	2.43667e-05	4.56667e-05	7.58333e-05	0.000143633	0.000257133	0.000442133	0.000742933	0.0012092	0.00185967	0.0027562	0.00394403	0.00548393	0.0073516	0.009675	0.0123776	0.0156039	0.0192116	0.0234018	0.0280301	0.0332076	0.0388198	0.0449567	0.0515672
"pi0"	134.9766	0	0	0	0	0	0	0	0	0	0	0	0	0	0	0	0	6.66667e-08	2.66667e-07	5.33333e-07	1.7e-06	3.8e-06	9.56667e-06	1.87667e-05	3.39e-05	5.96667e-05	0.0001013	0.0001746	0.000303333	0.0005122	0.0008513	0.00131897	0.00201077	0.00295023	0.0041915	0.0057699	0.0077109	0.0100328	0.0127927	0.0160165	0.019688	0.0238184	0.0283775	0.0334389	0.0390271	0.0450068	0.0514105
"proton"	938.272013	1	1.03108	1.51191	1.20403	1.1903	1.83949	2.05651	2.24103	2.40037	2.53637	2.65355	2.75335	2.83875	2.91267	2.97563	3.03063	3.07845	3.12088	3.15969	3.19434	3.22503	3.25456	3.28079	3.30493	3.32833	3.34872	3.36831	3.38587	3.40285	3.41928	3.4342	3.44828	3.46173	3.47417	3.48672	3.49855	3.51009	3.52076	3.53158	3.54272	3.55399	3.56482	3.57508	3.58574	3.59705	3.60723
"triton"	2808.921	1	0.0568312	0.265813	0.664538	0.794584	0.135381	0.13518	0.135841	0.137929	0.140778	0.144146	0.147557	0.150991	0.153985	0.156676	0.158918	0.161116	0.163095	0.164929	0.166758	0.16837	0.170115	0.171638	0.173329	0.174698	0.176329	0.177639	0.178887	0.180201	0.181337	0.182424	0.183382	0.184301	0.18497	0.185789	0.186446	0.18709	0.187581	0.188147	0.188528	0.188909	0.189336	0.189553	0.189707	0.190222	0.190351
