"seondary"	"mass"	"charge"	"10 MeV"	"20 MeV"	"30 MeV"	"40 MeV"	"50 MeV"	"60 MeV"	"70 MeV"	"80 MeV"	"90 MeV"	"100 MeV"	"110 MeV"	"120 MeV"	"130 MeV"	"140 MeV"	"150 MeV"	"160 MeV"	"170 MeV"	"180 MeV"	"190 MeV"	"200 MeV"	"210 MeV"	"220 MeV"	"230 MeV"	"240 MeV"	"250 MeV"	"260 MeV"	"270 MeV"	"280 MeV"	"290 MeV"	"300 MeV"	"310 MeV"	"320 MeV"	"330 MeV"	"340 MeV"	"350 MeV"	"360 MeV"	"370 MeV"	"380 MeV"	"390 MeV"	"400 MeV"	"410 MeV"	"420 MeV"	"430 MeV"	"440 MeV"	"450 MeV"
"alpha"	3727.379	2	0	2.11011	0.981425	0.891952	0.931546	0.907066	0.896494	0.896745	0.89492	0.889011	0.881944	0.87467	0.866344	0.85903	0.85293	0.847136	0.842328	0.838103	0.833558	0.829989	0.827119	0.824674	0.822808	0.821206	0.81939	0.817973	0.816803	0.815372	0.814137	0.813078	0.811829	0.810979	0.809328	0.808087	0.806837	0.80569	0.804198	0.802735	0.801933	0.800633	0.799118	0.798094	0.796778	0.795861	0.794535
"B10"	9324.436693	5	0	0	0.0997686	0.09283	0.0626586	0.0739269	0.0785937	0.0799199	0.0787582	0.0775301	0.0763162	0.0752578	0.0743888	0.0737295	0.0731905	0.0728656	0.0724266	0.0720654	0.0716608	0.0712169	0.0708134	0.0704463	0.0699141	0.0693286	0.0688802	0.0684621	0.0679794	0.0675285	0.0670502	0.0665877	0.0661864	0.0658034	0.0655446	0.065199	0.0650202	0.0648313	0.0645604	0.0644413	0.0643173	0.0641519	0.0639981	0.0638241	0.0635928	0.0633585	0.0631805
"B11"	10252.54792	5	0	0	0.0774126	0.115222	0.110845	0.107703	0.102135	0.0984646	0.0963031	0.0959246	0.0969245	0.0988099	0.101187	0.10392	0.106911	0.109938	0.112808	0.115741	0.118284	0.120824	0.123106	0.125311	0.127373	0.129296	0.131126	0.132868	0.134546	0.136088	0.137507	0.139113	0.140534	0.141999	0.143404	0.144808	0.14614	0.147563	0.148986	0.15029	0.151557	0.152983	0.154234	0.155682	0.156953	0.158292	0.159612
"B12"	11188.74292	5	0	0	0	0	0	0	0	0	0	0	0	0	0	0	0	0	3.33333e-08	0	6.66667e-08	1e-07	3e-07	5.33333e-07	1.2e-06	2.36667e-06	4.36667e-06	8.6e-06	1.64e-05	2.78333e-05	4.51e-05	6.87333e-05	9.69e-05	0.000133133	0.000170767	0.0002161	0.000271833	0.00032	0.000382567	0.0004346	0.000493533	0.0005525	0.0006067	0.0006623	0.0007223	0.0007749	0.000822767
"B13"	12123.43021	5	0	0	0	0	0	0	0	0	0	0	0	0	0	0	0	0	0	0	0	0	0	0	0	0	0	0	0	0	0	0	0	0	0	0	0	0	0	0	0	0	0	0	0	3.33333e-08	0
"B8"	7472.319396	5	0	0	0	0	0	0	3.33333e-08	3.33333e-08	6.66667e-08	2e-07	5.33333e-07	6.33333e-07	1.46667e-06	1.23333e-06	1.63333e-06	2.2e-06	2.46667e-06	2.93333e-06	3.5e-06	3.7e-06	4.4e-06	4.23333e-06	3.96667e-06	4.5e-06	4.13333e-06	4.76667e-06	5.13333e-06	5e-06	5.16667e-06	5.83333e-06	5.56667e-06	4.83333e-06	5.93333e-06	6.26667e-06	6.13333e-06	5.66667e-06	5.73333e-06	5.23333e-06	6.13333e-06	6.6e-06	6.03333e-06	6.2e-06	6.73333e-06	6.6e-06	8.03333e-06
"Be10"	9325.503351	4	0	0	0	0.0001002	0.0016693	0.0036779	0.00492087	0.00570193	0.0062883	0.00670863	0.0071161	0.00746243	0.00776793	0.0081046	0.00839937	0.00876403	0.00904253	0.00935883	0.00961423	0.00990013	0.0101565	0.010417	0.0106784	0.0109106	0.0111115	0.0112969	0.0114785	0.0116074	0.0117403	0.0119136	0.0120752	0.012205	0.0123511	0.0125469	0.0127482	0.0129833	0.0132612	0.0135751	0.0138876	0.0142811	0.01467	0.0150852	0.0154972	0.0159186	0.0163529
"Be11"	10264.56477	4	0	0	0	0	0	0	0	0	0	0	0	0	0	0	0	0	0	0	0	0	0	0	3.33333e-08	3.33333e-08	3.33333e-08	3e-07	4.66667e-07	8e-07	1.03333e-06	2.26667e-06	3.6e-06	4.5e-06	6.3e-06	9.33333e-06	1.23333e-05	1.47333e-05	1.62333e-05	1.83667e-05	2.24333e-05	2.52667e-05	2.73667e-05	2.81e-05	3.17333e-05	3.56e-05	3.64667e-05
"Be7"	6534.184631	4	0	0	0.0637741	0.162725	0.115513	0.109973	0.105202	0.10078	0.0976008	0.0946382	0.0921339	0.0897341	0.0874144	0.0855213	0.0837436	0.0819382	0.0804063	0.0790724	0.0778636	0.0767064	0.075558	0.0745244	0.0737052	0.0727505	0.0719566	0.07122	0.0706143	0.0699264	0.0692492	0.0686243	0.0680332	0.0675912	0.0671294	0.0666421	0.0662058	0.0656772	0.0652529	0.0647552	0.0642049	0.0637175	0.0631874	0.0625585	0.0620889	0.0615353	0.0609948
"Be9"	8392.750301	4	0	0	0	0.0107509	0.0061856	0.00819453	0.010212	0.0117326	0.0125446	0.0130864	0.0134836	0.0136726	0.0138688	0.0140609	0.0141801	0.0143138	0.0144331	0.0145494	0.0146332	0.0147415	0.014836	0.0149233	0.0150086	0.0150832	0.015181	0.0152761	0.0153993	0.0155073	0.015639	0.0157213	0.0158857	0.0160776	0.0162016	0.0163392	0.0165253	0.0167049	0.0168589	0.0170248	0.0171653	0.0173243	0.0174423	0.0175665	0.0177093	0.017823	0.0179737
"C10"	9327.574014	6	0	0	0.0136694	0.014808	0.0145526	0.0175133	0.0187418	0.0191064	0.019189	0.0192238	0.0191179	0.0190482	0.0189126	0.0188393	0.0186687	0.0184461	0.0181919	0.0178974	0.0176122	0.0172399	0.0169359	0.0165994	0.0162859	0.0159631	0.0156676	0.0153848	0.0151447	0.0148539	0.0145956	0.0143522	0.014168	0.0139568	0.0137827	0.0136213	0.0134716	0.0133423	0.0132167	0.0131092	0.0130081	0.0129479	0.0128579	0.0127484	0.0126397	0.0125697	0.0124747
"C11"	10254.0197	6	0	0.10916	0.334452	0.226936	0.272586	0.258377	0.246846	0.239168	0.233537	0.229407	0.226102	0.223253	0.22035	0.217653	0.215117	0.212882	0.210467	0.208613	0.206501	0.204646	0.202819	0.201059	0.199514	0.19792	0.196398	0.19506	0.193683	0.192402	0.190946	0.189866	0.188537	0.187266	0.18599	0.184687	0.183543	0.182206	0.180934	0.179586	0.178223	0.176979	0.17555	0.174387	0.172935	0.17179	0.170487
"C12"	11174.86339	6	1	0.187471	0.0852333	0.0488231	0.0563605	0.0454348	0.0397742	0.0356297	0.0331419	0.0313081	0.0295124	0.0278412	0.0271751	0.0260552	0.0248683	0.023681	0.0229091	0.0216415	0.0213016	0.0205924	0.0199164	0.0191752	0.0184063	0.0179046	0.0174327	0.0167254	0.0160773	0.0158774	0.0158564	0.0154034	0.0153187	0.0149264	0.0150144	0.0150023	0.0148048	0.014737	0.0148556	0.0149424	0.0148772	0.014674	0.0150235	0.0148642	0.0151549	0.0150474	0.0151325
"C13"	12109.48243	6	0	0	0	0	0	0	0	0	0	0	0	0	0	0	0	0	3.33333e-08	1e-07	2e-07	1.33333e-07	3.33333e-07	6.33333e-07	7.33333e-07	1.56667e-06	2.53333e-06	3.43333e-06	6.33333e-06	8.83333e-06	1.06667e-05	1.21e-05	1.32e-05	1.31e-05	1.51e-05	1.63e-05	1.62e-05	1.62667e-05	1.73667e-05	1.73e-05	1.8e-05	1.66333e-05	2.05333e-05	1.80333e-05	1.98667e-05	1.86667e-05	1.82333e-05
"C9"	8409.291795	6	0	0	0	0	0	0	6e-07	3.63333e-06	1.01e-05	2.38e-05	3.78333e-05	5.04667e-05	6.17333e-05	7.24e-05	7.96e-05	8.41667e-05	9.21e-05	9.12667e-05	9.70667e-05	9.68333e-05	9.69667e-05	9.80667e-05	0.0001018	0.0001031	0.000100967	0.000101167	0.000103433	0.0001036	0.000101633	0.0001027	0.000103967	0.000104767	0.000104467	0.0001097	0.000108033	0.0001091	0.000108467	0.0001116	0.000117867	0.000121067	0.000126733	0.000127567	0.000130033	0.000134833	0.0001403
"deuteron"	1875.613	1	0	0.10916	0.275808	0.282263	0.108921	0.112071	0.118362	0.121361	0.122215	0.123917	0.12627	0.12831	0.129816	0.131164	0.132062	0.132699	0.132929	0.133094	0.132913	0.132773	0.132636	0.132541	0.132323	0.132287	0.13219	0.132052	0.13195	0.131798	0.131751	0.131486	0.13135	0.13118	0.131047	0.130773	0.130513	0.130327	0.129892	0.129476	0.129165	0.128668	0.128307	0.127893	0.12736	0.126931	0.126387
"gamma"	0	0	0.767487	0.152164	0.557558	0.511915	0.500325	0.498012	0.491342	0.485245	0.479628	0.476279	0.475271	0.475118	0.47539	0.476134	0.477341	0.478954	0.479664	0.481043	0.481647	0.482102	0.482427	0.482999	0.483234	0.483264	0.483382	0.483664	0.48382	0.483755	0.48336	0.483593	0.483684	0.483724	0.483917	0.484096	0.484485	0.484653	0.485094	0.485613	0.485817	0.486541	0.486812	0.487684	0.488163	0.489043	0.489767
"H7"	6569.082212	1	0	0	0	0	0	0	0	0	0	0	0	0	0	0	0	0	0	0	0	0	0	0	3.33333e-08	0	0	0	3.33333e-08	3.33333e-08	3.33333e-08	3.33333e-08	3.33333e-08	6.66667e-08	6.66667e-08	6.66667e-08	1e-07	1.33333e-07	6.66667e-08	2e-07	2.33333e-07	1.33333e-07	1.33333e-07	2e-07	2.66667e-07	3e-07	5.33333e-07
"He3"	2808.391	2	0	0	0.0986589	0.0970443	0.0740136	0.0716925	0.0705542	0.0686515	0.0700809	0.0721357	0.0741275	0.0756322	0.0763902	0.0767304	0.0767799	0.0765445	0.0762528	0.0757328	0.075076	0.0745591	0.07396	0.0734416	0.0729678	0.0724226	0.0719254	0.071528	0.0710811	0.0705485	0.0701003	0.0697032	0.0692475	0.068946	0.0684142	0.0679305	0.0675502	0.0670872	0.0665832	0.0660216	0.0655382	0.065178	0.0646292	0.0640643	0.0636375	0.0631361	0.0626623
"He6"	5605.537352	2	0	0	0	0	0.000123333	0.000728767	0.00124727	0.0015271	0.00175813	0.00197547	0.00211713	0.00227747	0.00240207	0.00251807	0.00262743	0.00275027	0.0028201	0.0028915	0.0029815	0.00306477	0.0031283	0.0032069	0.00326613	0.00334287	0.00341047	0.00346423	0.0035266	0.00356853	0.00360273	0.00365003	0.00370367	0.00373933	0.00377577	0.00383307	0.0038938	0.0039522	0.00400067	0.00404983	0.0040965	0.00413837	0.00423223	0.00427363	0.00434933	0.00441817	0.00447577
"He8"	7482.528346	2	0	0	0	0	0	0	0	0	0	0	0	3.33333e-08	6.66667e-08	1e-07	3e-07	6.33333e-07	7.33333e-07	1.13333e-06	1e-06	1e-06	1.3e-06	1.63333e-06	1.63333e-06	1.63333e-06	2.03333e-06	2.3e-06	2.03333e-06	2.8e-06	2.6e-06	3.13333e-06	2.76667e-06	3.6e-06	3.83333e-06	3.66667e-06	4.06667e-06	4.33333e-06	5.13333e-06	5.46667e-06	6.43333e-06	7.7e-06	8.4e-06	1.10333e-05	1.24e-05	1.47333e-05	1.65333e-05
"Li3"	2821.616287	3	0	0	0	0	0	0	0	0	0	0	0	0	0	0	0	0	0	0	0	0	3.33333e-08	3.33333e-08	0	0	0	0	3.33333e-08	3.33333e-08	1e-07	1.33333e-07	1.33333e-07	1.33333e-07	1e-07	2.33333e-07	2.66667e-07	1.66667e-07	2e-07	3.33333e-08	2.33333e-07	2.66667e-07	3.33333e-07	4.33333e-07	3e-07	3.33333e-07	3e-07
"Li6"	5601.518164	3	0	0	0.0591906	0.0606155	0.0411743	0.0511453	0.0588532	0.0619237	0.0633042	0.0636449	0.0635345	0.0633613	0.0628947	0.062543	0.062222	0.0619122	0.0617288	0.0614677	0.0613568	0.061383	0.0614901	0.0615876	0.0616768	0.0618591	0.0620449	0.0621865	0.0623997	0.0624421	0.0625472	0.0625501	0.0624967	0.0625897	0.0624352	0.0623781	0.0622642	0.0621268	0.061861	0.0617642	0.061644	0.0614159	0.0612155	0.0611638	0.0609151	0.0607439	0.0606257
"Li7"	6533.83354	3	0	0	1.33333e-06	0.0476049	0.0379516	0.0390237	0.0395998	0.0397448	0.0400745	0.0404472	0.0409998	0.0415301	0.0419984	0.0425439	0.0431786	0.0437375	0.0442102	0.0447582	0.045194	0.0455556	0.046031	0.0464662	0.046832	0.0471925	0.04749	0.0478591	0.0481476	0.0483916	0.0486085	0.0488359	0.0490244	0.0492813	0.049445	0.0496767	0.0498542	0.050058	0.0502782	0.0504796	0.0506688	0.0509685	0.0510616	0.0512162	0.0514002	0.0515311	0.0516982
"Li8"	7471.366271	3	0	0	0	0	3.33333e-08	0.000131967	0.000463067	0.0007199	0.0010419	0.0013598	0.00161187	0.0018554	0.00205993	0.0022209	0.0023683	0.00249787	0.0025897	0.00268653	0.00276027	0.00284337	0.00290823	0.00299353	0.0030566	0.0031223	0.00317027	0.00324193	0.0032977	0.0033599	0.0034227	0.00345817	0.00351417	0.00356623	0.00361757	0.00367057	0.00369873	0.003757	0.0037903	0.0038642	0.00391657	0.0039805	0.00404963	0.0041287	0.00421917	0.00429237	0.00440237
"Li9"	8406.867719	3	0	0	0	0	0	0	4.66667e-07	1.1e-06	3.26667e-06	6.9e-06	1.06333e-05	1.72333e-05	2.22333e-05	2.90667e-05	3.74667e-05	4.64e-05	5.73e-05	6.73333e-05	7.79333e-05	8.57667e-05	9.08333e-05	0.000103067	0.000105467	0.000112567	0.000121333	0.000127433	0.000131467	0.0001374	0.000145233	0.000146833	0.000154567	0.000164333	0.000170967	0.000175267	0.000193333	0.000207833	0.0002277	0.0002469	0.0002713	0.0003037	0.0003383	0.000377467	0.0004023	0.0004425	0.000476633
"N12"	11191.69094	7	0	0	7.53e-05	0.000118167	0.00272997	0.0018199	0.00188667	0.00141623	0.0013751	0.00138397	0.00120453	0.000980633	0.00118633	0.00115137	0.00104463	0.000925567	0.000976767	0.000804833	0.000959867	0.000955667	0.0009495	0.000912533	0.000789667	0.000811733	0.0007829	0.000685933	0.0005793	0.000612867	0.0006474	0.0006342	0.0006632	0.000570333	0.000630767	0.000652	0.000580567	0.000560067	0.000586167	0.000604967	0.000575433	0.000518067	0.000598233	0.000524667	0.000593833	0.000524167	0.000542233
"N13"	12111.19236	7	0	0	0	0	0	0	0	0	0	0	0	0	0	0	0	0	0	0	6.66667e-08	1.66667e-07	3.33333e-07	4e-07	5.33333e-07	8.33333e-07	1.3e-06	2.23333e-06	2.06667e-06	3.33333e-06	4.53333e-06	4.63333e-06	5.3e-06	5.1e-06	6.46667e-06	7.66667e-06	6.6e-06	6.53333e-06	6.3e-06	7.1e-06	7.36667e-06	6.13333e-06	8.1e-06	6.2e-06	7.73333e-06	6.6e-06	7.76667e-06
"neutron"	939.565378	0	0	0	0.0644138	0.226717	0.493411	0.590386	0.669546	0.735309	0.788365	0.830235	0.863307	0.89009	0.911071	0.928538	0.943029	0.955344	0.965765	0.975353	0.983194	0.990538	0.997222	1.00328	1.00929	1.01413	1.01889	1.02358	1.02802	1.03157	1.0349	1.03809	1.04067	1.04353	1.04576	1.04765	1.05017	1.05212	1.05388	1.05597	1.05852	1.06102	1.06333	1.06616	1.06892	1.07238	1.07571
"O13"	12128.44888	8	0	0	0	0	0	0	0	0	0	0	0	0	0	0	0	0	0	3.33333e-08	3.33333e-08	1e-07	1e-07	3e-07	2.33333e-07	2.33333e-07	6e-07	8e-07	6.66667e-07	1.13333e-06	1.6e-06	1.56667e-06	2.03333e-06	1.56667e-06	2.03333e-06	2.26667e-06	1.7e-06	2.06667e-06	2.13333e-06	3.03333e-06	2.46667e-06	2.03333e-06	2.53333e-06	1.86667e-06	2.73333e-06	2.1e-06	2.06667e-06
"pi-"	139.57018	-1	0	0	0	0	0	0	0	0	0	0	0	0	0	0	0	0	0	3.33333e-08	1.33333e-07	4e-07	9.33333e-07	2.56667e-06	3.9e-06	7.56667e-06	1.43e-05	2.72333e-05	4.61333e-05	8.06667e-05	0.000134867	0.0002147	0.000337567	0.0005034	0.000719	0.00100107	0.00135373	0.0017776	0.00228537	0.0028562	0.00354	0.00429207	0.0051267	0.0060577	0.0070336	0.0081227	0.00927407
"pi+"	139.57018	1	0	0	0	0	0	0	0	0	0	0	0	0	0	0	0	0	1e-07	2e-07	4.33333e-07	1.1e-06	2.66667e-06	6.3e-06	1.24667e-05	2.44667e-05	4.21333e-05	8.22667e-05	0.0001571	0.000281067	0.0004985	0.0008291	0.001315	0.00199777	0.00292357	0.0040781	0.00554697	0.00731903	0.00945137	0.0119296	0.0147975	0.0180548	0.0216917	0.0257016	0.0300977	0.0348789	0.0400263
"pi0"	134.9766	0	0	0	0	0	0	0	0	0	0	0	0	0	0	0	0	0	0	1e-07	5e-07	1.23333e-06	3.53333e-06	6.66667e-06	1.32333e-05	2.32333e-05	4.08e-05	6.99e-05	0.000124233	0.0002168	0.000363733	0.000593533	0.000920533	0.00136917	0.0019452	0.0026888	0.0036094	0.0047468	0.00606327	0.0076385	0.00932833	0.0113068	0.0134781	0.0158581	0.0184865	0.0213292	0.0243283
"proton"	938.272013	1	1	0.89084	0.631123	0.910114	1.17827	1.29876	1.39442	1.47549	1.53908	1.59066	1.634	1.67146	1.70285	1.73111	1.75661	1.77993	1.80027	1.81991	1.83654	1.85279	1.86787	1.88214	1.89566	1.90776	1.91929	1.93049	1.94105	1.9502	1.95887	1.96696	1.97426	1.98143	1.98724	1.99273	1.99809	2.0028	2.00665	2.01032	2.01399	2.01709	2.0192	2.02172	2.02314	2.02483	2.02577
"triton"	2808.921	1	0	0	0.0136694	0.0261761	0.0229717	0.0230802	0.02352	0.0239936	0.0259812	0.0283281	0.0306865	0.0329419	0.0347411	0.0363791	0.0377159	0.0387945	0.0397228	0.0405331	0.0411675	0.0418525	0.0424244	0.0429634	0.0434936	0.0439522	0.0443852	0.0448604	0.0452647	0.045613	0.0459686	0.046272	0.0466369	0.0468974	0.0471539	0.047456	0.047662	0.047845	0.0480644	0.0481805	0.048388	0.048576	0.0486873	0.0487709	0.0488845	0.0490816	0.0491746
