"seondary"	"mass"	"charge"	"10 MeV"	"20 MeV"	"30 MeV"	"40 MeV"	"50 MeV"	"60 MeV"	"70 MeV"	"80 MeV"	"90 MeV"	"100 MeV"	"110 MeV"	"120 MeV"	"130 MeV"	"140 MeV"	"150 MeV"	"160 MeV"	"170 MeV"	"180 MeV"	"190 MeV"	"200 MeV"	"210 MeV"	"220 MeV"	"230 MeV"	"240 MeV"	"250 MeV"	"260 MeV"	"270 MeV"	"280 MeV"	"290 MeV"	"300 MeV"	"310 MeV"	"320 MeV"	"330 MeV"	"340 MeV"	"350 MeV"	"360 MeV"	"370 MeV"	"380 MeV"	"390 MeV"	"400 MeV"	"410 MeV"	"420 MeV"	"430 MeV"	"440 MeV"	"450 MeV"
"Al22"	20504.41527	13	0	0	3.33333e-08	0	0	0	0	0	0	0	0	0	0	0	0	0	0	0	0	0	0	0	0	0	0	0	0	0	0	0	0	0	0	0	0	0	0	0	0	0	0	0	0	0	0
"Al23"	21424.49586	13	9e-07	2e-07	2.33333e-07	3.33333e-07	0	0	0	0	0	0	0	0	0	0	0	0	0	0	0	0	0	0	0	0	0	0	0	0	0	0	0	0	0	0	0	0	0	0	0	0	0	0	0	0	0
"Al24"	22349.16338	13	0.000106	3.1e-06	1.96667e-06	8.33333e-07	0	0	0	0	0	0	0	0	0	0	0	0	0	0	0	0	0	0	0	0	0	0	0	0	0	0	0	0	0	0	0	0	0	0	0	0	0	0	0	0	0
"Al25"	23271.79818	13	0.0003132	7.86667e-06	2.23333e-06	8.33333e-07	0	0	0	0	0	0	0	0	0	0	0	0	0	0	0	0	0	0	0	0	0	0	0	0	0	0	0	0	0	0	0	0	0	0	0	0	0	0	0	0	0
"Al26"	24199.99807	13	0.0001769	4.75333e-05	1.08667e-05	2.9e-06	0	0	0	0	0	0	0	0	0	0	0	0	0	0	0	0	0	0	0	0	0	0	0	0	0	0	0	0	0	0	0	0	0	0	0	0	0	0	0	0	0
"Al27"	25126.50575	13	0.000111933	3.48333e-05	6.3e-06	1.9e-06	0	0	0	0	0	0	0	0	0	0	0	0	0	0	0	0	0	0	0	0	0	0	0	0	0	0	0	0	0	0	0	0	0	0	0	0	0	0	0	0	0
"alpha"	3727.379	2	1.15652	1.73667	1.41354	1.22649	1.26141	1.22695	1.21523	1.2168	1.2266	1.24148	1.25925	1.27737	1.29501	1.31038	1.32482	1.33741	1.34842	1.35809	1.36653	1.3739	1.3807	1.38646	1.39085	1.39478	1.39828	1.40058	1.40302	1.40462	1.40557	1.40647	1.40694	1.40735	1.40818	1.40805	1.40778	1.40739	1.40729	1.40639	1.40648	1.40606	1.40568	1.40483	1.40436	1.40382	1.40266
"B10"	9324.436693	5	0.0016067	0.0179775	0.0259845	0.029183	0.0796258	0.080503	0.0805333	0.0806314	0.080721	0.0809969	0.0811984	0.0814448	0.0814751	0.0816661	0.0816982	0.0817089	0.0819386	0.0820051	0.0820662	0.082309	0.0825403	0.0825187	0.0826602	0.0826245	0.0826569	0.0827366	0.0826355	0.0825339	0.0823945	0.0823062	0.0821081	0.0818141	0.0816491	0.0814944	0.0813369	0.0809945	0.0808466	0.0806124	0.0804332	0.0801608	0.0800191	0.0798289	0.0796937	0.0793961	0.0792496
"B11"	10252.54792	5	0.00392783	0.0273394	0.0347055	0.0381479	0.128232	0.128978	0.128996	0.129197	0.12949	0.129163	0.128663	0.128232	0.127834	0.127457	0.127177	0.126961	0.126865	0.126861	0.126609	0.126517	0.126329	0.126097	0.125845	0.125583	0.12536	0.124992	0.124626	0.124242	0.12411	0.123758	0.123481	0.123214	0.122874	0.122652	0.122349	0.122112	0.12189	0.121651	0.121391	0.121112	0.120882	0.120746	0.120471	0.120393	0.120227
"B12"	11188.74292	5	0.000103767	0.00196533	0.0027969	0.0033951	0.00551033	0.00628803	0.00763083	0.0088179	0.0096714	0.0101216	0.010286	0.0102695	0.0101025	0.0098852	0.00963263	0.0093664	0.00908513	0.0088447	0.00859613	0.00839193	0.0081921	0.00803603	0.00787747	0.0077527	0.00763087	0.00746947	0.00735883	0.0072417	0.0071401	0.007066	0.006984	0.00694253	0.0068625	0.00678843	0.00675087	0.00670843	0.0066692	0.006656	0.0066012	0.00659687	0.00658023	0.00653523	0.00655497	0.0065103	0.00651417
"B13"	12123.43021	5	2.56667e-06	1.64667e-05	1.84667e-05	1.50667e-05	0.0004815	0.00139123	0.00231853	0.00285017	0.00305223	0.0030832	0.0030037	0.00285423	0.00269283	0.00254063	0.00241267	0.00226797	0.00218527	0.00208603	0.00200623	0.00194353	0.00186903	0.00183307	0.00178663	0.0017474	0.00172603	0.00168793	0.00166803	0.00166727	0.0016645	0.00165283	0.0016349	0.00163517	0.00165277	0.00164143	0.0016519	0.00164587	0.00164383	0.00165377	0.001658	0.00167227	0.00167647	0.00168607	0.0016974	0.0016918	0.00171793
"B14"	13062.02576	5	0	9.66667e-07	2.36667e-06	2.5e-06	0.000458267	0.00102253	0.00133033	0.0014154	0.0013296	0.00121293	0.00106807	0.0009541	0.0008438	0.000762167	0.000682467	0.000630667	0.000566967	0.0005296	0.000478967	0.000448167	0.0004205	0.0003914	0.000376433	0.000352033	0.0003299	0.000321667	0.000308967	0.000297367	0.000284633	0.000272633	0.0002609	0.0002495	0.000248767	0.000243367	0.000229833	0.0002262	0.000216867	0.0002201	0.000215667	0.000211367	0.0002086	0.000204967	0.000204467	0.000205333	0.000204567
"B15"	13998.82838	5	0	0	0	1e-07	0.0006028	0.000854067	0.0007793	0.000609467	0.0004599	0.000341767	0.0002699	0.0002098	0.000169733	0.000136467	0.000116133	9.60667e-05	7.68333e-05	7.19333e-05	6.30333e-05	5.37333e-05	4.47333e-05	4.03333e-05	3.50333e-05	3.12667e-05	2.62e-05	2.60333e-05	2.24333e-05	2.33e-05	1.92667e-05	1.89333e-05	1.66333e-05	1.35333e-05	1.54e-05	1.33667e-05	1.30667e-05	1.24667e-05	1.13667e-05	1.23e-05	1.12e-05	1.23e-05	1.14667e-05	1.05333e-05	1.18e-05	1.19667e-05	1.03333e-05
"B17"	15876.61497	5	0	0	0	0	1.79333e-05	6.5e-06	1.6e-06	2e-07	3.33333e-08	0	0	0	0	0	0	0	0	0	0	0	0	0	0	0	0	0	0	0	0	0	0	0	0	0	0	0	0	0	0	0	0	0	0	0	0
"B8"	7472.319396	5	6.37e-05	8.11667e-05	2.43333e-05	6.8e-06	0.000234333	0.000239467	0.0002402	0.0002487	0.0002503	0.0002438	0.000242767	0.000242567	0.000247133	0.0002464	0.0002482	0.000239467	0.000239067	0.0002458	0.0002438	0.000237967	0.000239433	0.000246667	0.0002444	0.000241767	0.000242667	0.0002425	0.0002486	0.0002442	0.0002432	0.000243133	0.000244767	0.000245267	0.000242667	0.000249567	0.0002506	0.000254633	0.000244533	0.0002482	0.000251967	0.000255367	0.000261367	0.000255667	0.000253933	0.000256367	0.000255
"Be10"	9325.503351	4	0.0001972	0.00205953	0.0042023	0.00551897	0.0171982	0.019281	0.0211048	0.022656	0.023912	0.0247707	0.0254172	0.0256848	0.0258707	0.0258857	0.025869	0.0257487	0.0257035	0.0255775	0.0254353	0.0252599	0.0251492	0.0250127	0.024843	0.0246402	0.0245175	0.0243137	0.0241581	0.0239912	0.02383	0.0236476	0.0235119	0.023351	0.0232296	0.0230719	0.0229906	0.0228679	0.0227602	0.0226352	0.0225554	0.0224742	0.0223758	0.0223091	0.0222709	0.0222491	0.0221876
"Be11"	10264.56477	4	3.53333e-06	1.31667e-05	3.16667e-06	1e-06	1.36667e-06	5.9e-06	2.03333e-05	3.87333e-05	5.93e-05	7.44333e-05	8.44e-05	9.24333e-05	9.31333e-05	9.69333e-05	9.42e-05	9.22333e-05	8.98e-05	8.83667e-05	8.27667e-05	8.38e-05	8.19e-05	8.34e-05	8.01667e-05	7.73667e-05	7.28667e-05	7.46e-05	6.92333e-05	7.05e-05	6.91333e-05	6.93333e-05	6.98333e-05	6.71e-05	6.29667e-05	6.92667e-05	6.56e-05	6.58333e-05	6.72667e-05	6.73e-05	6.62667e-05	6.46e-05	6.61667e-05	6.59333e-05	6.59e-05	6.77667e-05	6.87e-05
"Be12"	11200.96124	4	0	2.33333e-07	1.66667e-07	2e-07	2.68667e-05	0.000138833	0.000316533	0.000485833	0.0005959	0.000649467	0.0006579	0.0006415	0.0006201	0.000583	0.000554633	0.000521767	0.0004994	0.000466933	0.000446667	0.0004264	0.000408133	0.000398467	0.000373367	0.000361667	0.0003568	0.000336567	0.0003377	0.0003315	0.000322933	0.000308433	0.000311033	0.0003074	0.0003038	0.000292833	0.0003041	0.000293	0.000293267	0.0002889	0.000295767	0.000292467	0.000289333	0.000288367	0.000293567	0.000289533	0.000299
"Be14"	13078.82729	4	0	0	0	0	4.62e-05	0.000131867	0.000186067	0.000188967	0.000172667	0.000142533	0.000114233	9.76667e-05	7.52e-05	6.67e-05	5.47e-05	4.33667e-05	3.77333e-05	3.38333e-05	2.88333e-05	2.27667e-05	2.05333e-05	1.69e-05	1.62667e-05	1.54333e-05	1.32667e-05	1.06e-05	9.7e-06	1.06e-05	1.01667e-05	8.03333e-06	8.43333e-06	7.36667e-06	7e-06	6.9e-06	6.5e-06	5.86667e-06	6.63333e-06	5.8e-06	5.4e-06	5.4e-06	6.13333e-06	5.13333e-06	6.16667e-06	5.73333e-06	5.46667e-06
"Be16"	14959.53885	4	0	0	0	0	6.1e-06	6.73333e-06	4.76667e-06	2.53333e-06	1.06667e-06	6.66667e-07	3.66667e-07	1e-07	2e-07	1.66667e-07	6.66667e-08	3.33333e-08	0	0	3.33333e-08	3.33333e-08	3.33333e-08	0	0	0	0	0	3.33333e-08	0	0	3.33333e-08	0	0	0	0	0	0	0	0	0	0	0	0	0	0	0
"Be7"	6534.184631	4	0.0025247	0.00640973	0.0081028	0.0100831	0.0646702	0.0683043	0.0709072	0.0732343	0.0753323	0.0772124	0.0789217	0.0803384	0.0814645	0.0824513	0.0832037	0.0838422	0.0842385	0.0846578	0.0849906	0.0851046	0.0852424	0.0854545	0.0855442	0.0856044	0.0856831	0.085746	0.0857315	0.0857251	0.0858391	0.0858954	0.085851	0.0857134	0.085625	0.0857127	0.085475	0.085386	0.0852801	0.0851483	0.085013	0.0850257	0.0847947	0.0846574	0.084569	0.0843615	0.0841694
"Be9"	8392.750301	4	0.00215247	0.00884633	0.0103814	0.0117494	0.0254966	0.0255531	0.0257133	0.0260501	0.026544	0.0271265	0.0278269	0.0284451	0.0290799	0.029651	0.0300933	0.0305016	0.0306849	0.0308307	0.0309901	0.0309443	0.030879	0.0308475	0.030796	0.0307381	0.030617	0.0304256	0.0303993	0.0302869	0.0302529	0.0301186	0.030038	0.0299743	0.0298219	0.029682	0.0295875	0.0295277	0.0294426	0.0293581	0.0292701	0.0291903	0.0290749	0.0290077	0.0289098	0.0288806	0.0287836
"C10"	9327.574014	6	3.51667e-05	0.000646333	0.00169263	0.00237227	0.0137535	0.0158327	0.0177035	0.0193274	0.020685	0.0217471	0.022623	0.0231817	0.0235659	0.0238397	0.0239828	0.0240013	0.0240407	0.0240391	0.0239051	0.0238207	0.0236816	0.0235663	0.0233955	0.0231247	0.022942	0.0227209	0.0224964	0.0222695	0.0220206	0.0218721	0.02166	0.0215078	0.0214045	0.0212101	0.0210442	0.020938	0.0208704	0.0208246	0.0207293	0.0206589	0.0206069	0.0205754	0.0204664	0.0204623	0.0204125
"C11"	10254.0197	6	0.00157457	0.0145937	0.0216895	0.0245618	0.134238	0.136856	0.138491	0.140348	0.141872	0.142341	0.142262	0.141864	0.141169	0.140609	0.140014	0.139584	0.139101	0.138774	0.13849	0.138187	0.137867	0.137478	0.137229	0.137121	0.136673	0.136588	0.136101	0.135884	0.135576	0.135321	0.135043	0.134861	0.134545	0.134331	0.134052	0.134	0.133604	0.133584	0.133348	0.133333	0.133007	0.132905	0.132845	0.132689	0.132662
"C12"	11174.86339	6	0.0622398	0.229853	0.218073	0.232556	0.137228	0.113911	0.105494	0.103993	0.104003	0.103632	0.102387	0.100461	0.0981068	0.0956238	0.0929881	0.0906563	0.0881903	0.0858109	0.0835938	0.0816514	0.0797886	0.0781392	0.076545	0.0750356	0.0738253	0.0725808	0.071605	0.0706853	0.0698416	0.0691095	0.0685315	0.0678988	0.067334	0.0668555	0.0664083	0.0661809	0.0658201	0.0655963	0.0652414	0.0651172	0.0649178	0.0648066	0.0645698	0.0645157	0.0644102
"C13"	12109.48243	6	0.0087375	0.0482234	0.0528651	0.0528652	0.0207862	0.0242107	0.0299758	0.0349426	0.0386154	0.041044	0.0429158	0.0441088	0.0449467	0.0454808	0.0456918	0.0456822	0.0456002	0.0452779	0.0448149	0.0442645	0.0437709	0.0432142	0.0425913	0.0420279	0.0413989	0.0409191	0.0403229	0.0398484	0.0394018	0.0389525	0.0385859	0.038249	0.0379299	0.0376778	0.0373236	0.0371159	0.0368279	0.0366032	0.0364084	0.0362352	0.0360334	0.035926	0.0357193	0.0354798	0.0354055
"C14"	13040.87134	6	0.00158487	0.0089006	0.00941567	0.0094471	0.0240068	0.0349159	0.040266	0.0414101	0.0403649	0.0384088	0.0361834	0.0341449	0.0322081	0.0304707	0.0290262	0.02779	0.0267869	0.0259192	0.0252137	0.0245836	0.0240192	0.023547	0.0232017	0.0228824	0.0226254	0.0224458	0.0222618	0.022061	0.0219725	0.0218304	0.0218181	0.0217409	0.0217028	0.0216118	0.021626	0.0214965	0.0215887	0.0215295	0.0215172	0.0214831	0.0214377	0.0214033	0.0214275	0.0214219	0.0213932
"C15"	13979.21862	6	0	1.93333e-06	9.33333e-07	1.46667e-06	0.00157153	0.00208297	0.00212237	0.001958	0.00172707	0.00155367	0.0013939	0.00125223	0.00111697	0.0010262	0.000958233	0.000879233	0.000823267	0.0007745	0.000728233	0.000695567	0.000664367	0.000639233	0.0006171	0.000585567	0.000561267	0.000543133	0.000522967	0.000499	0.000489733	0.000468267	0.000459233	0.0004432	0.0004186	0.000416233	0.0004003	0.000394467	0.000381467	0.000371367	0.000357467	0.000346367	0.0003429	0.000341	0.000330433	0.000318233	0.000316633
"C16"	14914.53363	6	0	1.6e-06	3.66667e-07	3.33333e-07	0.0030808	0.0026975	0.00187333	0.00125047	0.000851933	0.000598667	0.000448767	0.0003499	0.000275933	0.000218633	0.000189467	0.000152333	0.000128567	0.0001109	9.55667e-05	8.57e-05	7.18e-05	6.23333e-05	5.38333e-05	4.73667e-05	4.45333e-05	3.73333e-05	3.55667e-05	3.1e-05	2.59e-05	2.45667e-05	2.27333e-05	2.16333e-05	1.92333e-05	1.80333e-05	1.91667e-05	1.75333e-05	1.63e-05	1.53667e-05	1.64667e-05	1.48667e-05	1.36e-05	1.31e-05	1.31333e-05	1.37667e-05	1.29333e-05
"C17"	15853.37236	6	0	6.66667e-08	3.33333e-08	2e-07	0.0004165	0.000155033	3.93e-05	9.16667e-06	2.03333e-06	4.66667e-07	6.66667e-08	0	0	0	0	0	0	0	0	0	0	0	0	0	0	0	0	3.33333e-08	0	6.66667e-08	3.33333e-08	3.33333e-08	6.66667e-08	0	3.33333e-08	6.66667e-08	3.33333e-08	0	0	3.33333e-08	0	0	0	0	0
"C18"	16788.75373	6	0	0	0	0	1.71667e-05	1.56667e-06	0	0	0	0	0	0	0	0	0	0	0	0	0	0	0	0	0	0	0	0	0	0	0	0	0	0	0	0	0	0	0	0	0	0	0	0	0	0	0
"C19"	17727.74225	6	0	0	0	0	6.66667e-08	0	0	0	0	0	0	0	0	0	0	0	0	0	0	0	0	0	0	0	0	0	0	0	0	0	0	0	0	0	0	0	0	0	0	0	0	0	0	0	0
"C9"	8409.291795	6	0	6.66667e-08	1.33333e-07	2.33333e-07	0.000382033	0.000392967	0.000415267	0.0004341	0.0004594	0.000484533	0.000502133	0.000518	0.000531133	0.000554433	0.000558233	0.000551733	0.0005677	0.000575367	0.000566567	0.000568033	0.000576833	0.0005604	0.0005699	0.0005698	0.000567867	0.0005659	0.000572633	0.000574	0.000565667	0.0005679	0.0005665	0.0005674	0.0005605	0.000571633	0.000568067	0.0005722	0.000574467	0.0005787	0.000583567	0.000574533	0.000581667	0.000580367	0.000577933	0.000586967	0.000591667
"deuteron"	1875.613	1	0.423985	0.843617	1.2503	1.52541	0.38258	0.373143	0.366922	0.36459	0.364968	0.367799	0.370925	0.374659	0.378856	0.38255	0.386081	0.39002	0.393432	0.396933	0.400796	0.4043	0.407983	0.411436	0.414998	0.418322	0.421423	0.424595	0.427757	0.430963	0.433367	0.435953	0.438505	0.440698	0.44292	0.444956	0.446893	0.448644	0.450136	0.451691	0.452886	0.454383	0.45535	0.45668	0.457488	0.458312	0.459273
"F17"	15832.75394	9	0.00309667	0.031354	0.0615	0.0637581	0.0214397	0.0079934	0.00246263	0.000694367	0.000171467	3.97667e-05	7.06667e-06	5.33333e-07	1e-07	6.66667e-08	0	0	0	3.33333e-08	1.66667e-07	6.66667e-08	2e-07	1.66667e-07	4e-07	4e-07	6e-07	1.3e-06	1.93333e-06	3.43333e-06	3.63333e-06	4.63333e-06	4.46667e-06	5.86667e-06	5.76667e-06	5.93333e-06	6.1e-06	6.06667e-06	5.83333e-06	6.1e-06	5.8e-06	6.13333e-06	6.56667e-06	6.46667e-06	5.8e-06	4.7e-06	5.3e-06
"F18"	16763.16997	9	0.0626484	0.0366595	0.0235639	0.0152094	0.0027673	0.000257633	1.28333e-05	5e-07	3.33333e-08	0	0	0	0	0	0	0	0	0	0	0	0	0	0	0	0	0	0	0	0	0	0	0	3.33333e-08	0	0	0	0	0	0	0	0	0	0	0	0
"F19"	17692.30291	9	0.0112307	0.0142441	0.00595937	0.002572	6.04333e-05	5e-07	0	0	0	0	0	0	0	0	0	0	0	0	0	0	0	0	0	0	0	0	0	0	0	0	0	0	0	0	0	0	0	0	0	0	0	0	0	0	0
"F20"	18625.26692	9	0.0118733	0.00725903	0.00154957	0.000429433	4e-07	0	3.33333e-08	0	0	0	0	0	0	0	0	0	0	0	0	0	0	0	0	0	0	0	0	0	0	0	0	0	0	0	0	0	0	0	0	0	0	0	0	0	0
"F21"	19556.7308	9	0.000564	0.000562967	6.22e-05	1.34333e-05	3.33333e-08	0	0	0	0	0	0	0	0	0	0	0	0	0	0	0	0	0	0	0	0	0	0	0	0	0	0	0	0	0	0	0	0	0	0	0	0	0	0	0	0
"F22"	20491.06576	9	4.96667e-06	3.13333e-05	2.3e-06	3.66667e-07	0	0	0	0	0	0	0	0	0	0	0	0	0	0	0	0	0	0	0	0	0	0	0	0	0	0	0	0	0	0	0	0	0	0	0	0	0	0	0	0	0
"F23"	21423.09616	9	0	4.33333e-07	0	0	0	0	0	0	0	0	0	0	0	0	0	0	0	0	0	0	0	0	0	0	0	0	0	0	0	0	0	0	0	0	0	0	0	0	0	0	0	0	0	0	0
"gamma"	0	0	2.0693	1.03317	0.902563	0.835933	1.03307	1.01722	0.998046	0.977155	0.956715	0.936538	0.917814	0.900568	0.884641	0.870649	0.858419	0.847231	0.838126	0.829938	0.822255	0.815954	0.810175	0.804773	0.800202	0.796029	0.792528	0.789137	0.785542	0.7824	0.780182	0.777472	0.775151	0.773285	0.770689	0.768907	0.767416	0.765512	0.76388	0.762246	0.760695	0.759302	0.757777	0.756545	0.755362	0.754142	0.753045
"H7"	6569.082212	1	0	0	0	0	1.66667e-06	1.66667e-06	1.53333e-06	2.26667e-06	2.53333e-06	2.3e-06	2.83333e-06	3.3e-06	3.3e-06	3.73333e-06	4.23333e-06	4.56667e-06	5e-06	4.93333e-06	5.46667e-06	6.03333e-06	6.33333e-06	5.7e-06	6.53333e-06	5.9e-06	6.03333e-06	7.13333e-06	7.36667e-06	5.96667e-06	6.86667e-06	6.66667e-06	6.93333e-06	7.5e-06	7.76667e-06	8.76667e-06	6.76667e-06	7.23333e-06	7.5e-06	6.86667e-06	7.46667e-06	8e-06	8.2e-06	8.56667e-06	8.26667e-06	8.63333e-06	8.73333e-06
"He10"	9362.727561	2	0	0	0	0	1.66667e-07	1.33333e-07	9e-07	3.26667e-06	6.76667e-06	1.02333e-05	1.36333e-05	1.62e-05	1.72e-05	1.83333e-05	2.11333e-05	2.01333e-05	2.13e-05	2.03333e-05	2.08667e-05	2.11333e-05	1.97667e-05	1.91333e-05	2.12333e-05	2.03e-05	1.98333e-05	1.98333e-05	1.97e-05	2.13667e-05	1.83e-05	1.76e-05	1.79667e-05	1.92e-05	1.70667e-05	1.72667e-05	1.71333e-05	1.74333e-05	1.67e-05	1.78333e-05	1.79333e-05	1.78e-05	1.81333e-05	1.88333e-05	1.98e-05	1.78667e-05	1.87333e-05
"He3"	2808.391	2	0.0778267	0.450519	0.695052	0.77078	0.147742	0.148668	0.150007	0.152627	0.155587	0.158994	0.162338	0.165708	0.168754	0.171348	0.173712	0.175971	0.177857	0.179739	0.181484	0.183171	0.184789	0.186453	0.187872	0.189267	0.190409	0.191951	0.193196	0.194315	0.195494	0.196406	0.19741	0.198252	0.19907	0.199899	0.200508	0.201077	0.201513	0.202216	0.202756	0.203107	0.20354	0.203921	0.204206	0.204531	0.20477
"He6"	5605.537352	2	0.000262233	0.00127267	0.00140077	0.00163513	0.0081792	0.0092927	0.0102109	0.0109049	0.0113805	0.0119026	0.0123528	0.0127062	0.0130565	0.0134065	0.0136791	0.0138768	0.0140572	0.0142382	0.0143816	0.0144386	0.0146066	0.0146178	0.0147434	0.0147443	0.0148236	0.0148682	0.0149039	0.0149586	0.0149719	0.0149975	0.0150286	0.0149639	0.0149975	0.0149684	0.0149761	0.0149634	0.0150009	0.0149984	0.0149755	0.014967	0.0149718	0.0150104	0.0150096	0.0150001	0.0149992
"He8"	7482.528346	2	0	1.06667e-06	1.16667e-06	9.33333e-07	2.27667e-05	2.22333e-05	2.10333e-05	2.22333e-05	2.23667e-05	2.37333e-05	2.89333e-05	3.28667e-05	3.68333e-05	4.05333e-05	4.28667e-05	4.30333e-05	4.83667e-05	4.83e-05	4.95667e-05	5.06667e-05	5.21333e-05	5.27333e-05	5.24e-05	5.20667e-05	5.24e-05	5.39333e-05	5.44e-05	5.31667e-05	5.26667e-05	5.56e-05	5.57e-05	5.47333e-05	5.29333e-05	5.46e-05	5.50333e-05	5.65667e-05	5.48e-05	5.56667e-05	5.47333e-05	5.62e-05	5.7e-05	5.77667e-05	5.8e-05	5.77667e-05	5.93333e-05
"Li11"	10285.69882	3	0	0	0	0	8.33333e-07	6.03333e-06	2.14667e-05	4.5e-05	6.47e-05	8.07e-05	8.99667e-05	9.39e-05	9.52667e-05	9.75333e-05	9.74667e-05	9.06333e-05	8.55e-05	8.19e-05	8.17e-05	8.11e-05	7.5e-05	7.5e-05	6.85333e-05	6.81667e-05	6.63333e-05	6.33667e-05	6.18667e-05	6.29667e-05	5.76333e-05	5.90333e-05	5.64667e-05	5.71333e-05	5.74667e-05	5.59e-05	5.66333e-05	5.22333e-05	5.36333e-05	5.36667e-05	5.52e-05	5.19e-05	5.44333e-05	5.23667e-05	5.50667e-05	5.2e-05	5.73333e-05
"Li3"	2821.616287	3	0	0	0	0	2.23e-05	2.16e-05	1.96333e-05	2.04e-05	1.93333e-05	1.85e-05	2.05667e-05	1.97e-05	1.93333e-05	2.06667e-05	2e-05	2.09667e-05	2.18e-05	2.22667e-05	2.31333e-05	2.54333e-05	2.36e-05	2.54e-05	2.71e-05	2.65333e-05	2.89e-05	2.88667e-05	3.02667e-05	2.95e-05	3.11667e-05	3.21e-05	3.28e-05	3.41333e-05	3.57667e-05	3.49333e-05	3.59e-05	3.51667e-05	3.80667e-05	4.11e-05	3.88333e-05	3.95667e-05	4.01667e-05	4.34333e-05	4.31667e-05	4.74e-05	4.64333e-05
"Li6"	5601.518164	3	0.00729587	0.0161216	0.0170185	0.0187032	0.0655943	0.0686332	0.0708944	0.0726023	0.0740512	0.075277	0.0763778	0.0772298	0.0780247	0.0788793	0.0795009	0.0801861	0.0807254	0.0812026	0.0815127	0.0820668	0.0823151	0.082645	0.0829108	0.0831504	0.0834285	0.0835524	0.083762	0.0838865	0.0839687	0.0841297	0.0841518	0.0842111	0.0842696	0.0842178	0.0842261	0.0842496	0.0841287	0.084015	0.083961	0.0837898	0.083779	0.0834856	0.0833149	0.083207	0.0830735
"Li7"	6533.83354	3	0.0041299	0.0123109	0.0129358	0.014496	0.08129	0.0843208	0.0862039	0.0875263	0.088787	0.0900276	0.091021	0.0917888	0.0928745	0.0934462	0.0940563	0.0944872	0.0948799	0.0951847	0.0954488	0.0956085	0.0957872	0.0959762	0.0959299	0.0961463	0.0962072	0.0961598	0.0963316	0.0963223	0.0962983	0.0962934	0.0962377	0.096074	0.0960705	0.095993	0.095874	0.0957578	0.0956736	0.0954393	0.0954139	0.0952774	0.0950295	0.0948212	0.0946527	0.0945648	0.0942947
"Li8"	7471.366271	3	0.000186667	0.00110573	0.00151837	0.0021036	0.0084141	0.0099243	0.010928	0.0116354	0.0122087	0.0127249	0.0131932	0.0135933	0.0139501	0.0142367	0.0144363	0.0146362	0.0147932	0.0148541	0.0150155	0.0149983	0.0150496	0.0150678	0.0150908	0.0150637	0.0150587	0.0150405	0.0150263	0.0149684	0.0149603	0.0148861	0.0148436	0.0147554	0.0147657	0.0147313	0.0146937	0.0145995	0.0145634	0.0145377	0.0144364	0.0144392	0.0144253	0.0143959	0.0143993	0.0143587	0.0142576
"Li9"	8406.867719	3	1.93333e-06	3.01667e-05	2.14333e-05	1.43333e-05	0.000335233	0.000336833	0.0003561	0.000381867	0.000432233	0.000499967	0.000548333	0.000584867	0.000623367	0.0006544	0.000663367	0.000662867	0.000679567	0.000663167	0.000677033	0.000677467	0.0006718	0.000677233	0.0006717	0.000663767	0.000663133	0.0006557	0.000661067	0.0006555	0.000650767	0.000649667	0.000652633	0.000641133	0.000652767	0.000643467	0.000639333	0.000631567	0.0006452	0.000649367	0.000644967	0.0006405	0.000635267	0.000653233	0.000646967	0.000655	0.000658267
"Mg20"	18641.3244	12	0	1.33333e-07	4e-07	4e-07	1.33333e-07	3.33333e-08	0	0	0	0	0	0	0	0	0	0	0	0	0	0	0	0	0	0	0	0	0	0	0	0	0	0	0	0	0	0	0	0	0	0	0	0	0	0	0
"Mg21"	19566.15859	12	4e-07	2.23333e-06	7.33333e-07	2.66667e-07	1.33333e-07	0	0	0	0	0	0	0	0	0	0	0	0	0	0	0	0	0	0	0	0	0	0	0	0	0	0	0	0	0	0	0	0	0	0	0	0	0	0	0	0
"Mg22"	20486.34515	12	0.000127067	3.94667e-05	5.5e-06	2.26667e-06	6.66667e-08	0	0	0	0	0	0	0	0	0	0	0	0	0	0	0	0	0	0	0	0	0	0	0	0	0	0	0	0	0	0	0	0	0	0	0	0	0	0	0	0
"Mg23"	21412.76237	12	0.0101303	0.000163333	1.50333e-05	5.16667e-06	0	0	0	0	0	0	0	0	0	0	0	0	0	0	0	0	0	0	0	0	0	0	0	0	0	0	0	0	0	0	0	0	0	0	0	0	0	0	0	0	0
"Mg24"	22335.7966	12	0.0931198	0.000236533	3.98e-05	1.22667e-05	0	0	0	0	0	0	0	0	0	0	0	0	0	0	0	0	0	0	0	0	0	0	0	0	0	0	0	0	0	0	0	0	0	0	0	0	0	0	0	0	0
"Mg25"	23268.03137	12	0.0074785	3.86667e-06	1.33333e-07	3.33333e-08	0	0	0	0	0	0	0	0	0	0	0	0	0	0	0	0	0	0	0	0	0	0	0	0	0	0	0	0	0	0	0	0	0	0	0	0	0	0	0	0	0
"Mg26"	24196.50364	12	9.17333e-05	8.63333e-06	2.66667e-06	4.66667e-07	0	0	0	0	0	0	0	0	0	0	0	0	0	0	0	0	0	0	0	0	0	0	0	0	0	0	0	0	0	0	0	0	0	0	0	0	0	0	0	0	0
"N12"	11191.69094	7	2e-07	7.7e-06	1.11333e-05	1.27333e-05	7.22333e-05	0.0001102	0.0001716	0.0002472	0.000303967	0.00034	0.000356267	0.000368533	0.000366967	0.000366333	0.000349433	0.000343433	0.000325267	0.000324133	0.0003068	0.000299267	0.000298267	0.000288833	0.000277133	0.000277367	0.000269767	0.0002653	0.000265833	0.000258167	0.000257767	0.000257	0.000253967	0.000253533	0.000249733	0.000253533	0.000250033	0.0002472	0.000250633	0.000257733	0.0002496	0.0002448	0.0002548	0.000249433	0.000249433	0.0002553	0.0002534
"N13"	12111.19236	7	0.000904467	0.00650027	0.00790537	0.00809833	0.0111648	0.017807	0.0239761	0.027746	0.0296356	0.0303299	0.0304566	0.0302314	0.0298257	0.0294429	0.0289014	0.028301	0.0277116	0.0271113	0.0263669	0.025783	0.0251943	0.024574	0.0240409	0.0235538	0.0231247	0.0227536	0.0223183	0.0220345	0.021726	0.0214472	0.0211884	0.0209773	0.0207914	0.0205988	0.0204723	0.0203298	0.0202128	0.0200043	0.0199629	0.0198139	0.0197245	0.019647	0.0195086	0.0194105	0.0193411
"N14"	13040.20433	7	0.079899	0.158232	0.150555	0.126115	0.0761902	0.0885276	0.0957209	0.097023	0.095118	0.09184	0.0879684	0.0844702	0.0813975	0.0786781	0.0765709	0.0746419	0.0732982	0.0721261	0.0710346	0.070162	0.06944	0.0686797	0.0681091	0.0676066	0.0672524	0.0667268	0.0663452	0.0660685	0.0659462	0.0657631	0.0655767	0.065512	0.0654068	0.0652463	0.0652496	0.0651743	0.0651354	0.0650291	0.0649266	0.0648968	0.0648536	0.0647235	0.0646989	0.0645859	0.0644741
"N15"	13968.93638	7	0.0266154	0.101494	0.0884262	0.0870194	0.144144	0.14835	0.142707	0.13502	0.127936	0.122363	0.118164	0.115126	0.112969	0.111365	0.110328	0.109449	0.108821	0.108327	0.107959	0.107561	0.107216	0.10686	0.106735	0.106533	0.106225	0.106165	0.105978	0.105686	0.105628	0.105491	0.105268	0.105248	0.104888	0.104896	0.104854	0.104587	0.104453	0.104336	0.104151	0.103924	0.103772	0.103584	0.10336	0.103191	0.10301
"N16"	14906.01262	7	0.00108263	0.0033907	0.00135963	0.000793133	0.0213508	0.0187219	0.015414	0.0127828	0.0110337	0.00984353	0.00896227	0.00824347	0.00764623	0.0071065	0.00662617	0.00618523	0.0057682	0.0053781	0.0050436	0.00469903	0.00440667	0.00417367	0.00391113	0.00366887	0.00344523	0.00324797	0.00307153	0.00289777	0.002755	0.00261077	0.00249087	0.0023647	0.00225903	0.00215997	0.0020761	0.00198507	0.0019032	0.0018506	0.00178377	0.00173603	0.00165483	0.00161603	0.001575	0.00153233	0.00149603
"N17"	15839.69436	7	5.06667e-06	0.0002215	0.000234533	0.000247133	0.00428287	0.00160747	0.000460667	0.0001208	2.93667e-05	6.3e-06	1.46667e-06	3.66667e-07	0	0	0	0	0	0	0	0	6.66667e-08	0	3.33333e-08	6.66667e-08	1.33333e-07	1.33333e-07	2.33333e-07	2.33333e-07	6e-07	3.66667e-07	5.33333e-07	6e-07	7e-07	7.66667e-07	8.66667e-07	5.33333e-07	9e-07	6e-07	9e-07	5.33333e-07	8.66667e-07	4e-07	5.33333e-07	3.66667e-07	7.33333e-07
"N18"	16776.43149	7	0	2.08e-05	1.49333e-05	1.08667e-05	0.0001921	1.74333e-05	1.06667e-06	3.33333e-08	0	0	0	0	0	0	0	0	0	0	0	0	0	0	0	0	0	0	0	0	0	0	0	0	0	0	0	0	0	0	0	0	0	0	0	0	0
"N19"	17710.67318	7	0	1.33333e-07	1.66667e-07	1.33333e-07	1.4e-06	3.33333e-08	0	0	0	0	0	0	0	0	0	0	0	0	0	0	0	0	0	0	0	0	0	0	0	0	0	0	0	0	0	0	0	0	0	0	0	0	0	0	0
"Na20"	18631.11174	11	0.000156767	0.0001514	5.31e-05	1.91667e-05	6.33333e-07	6.66667e-08	0	0	0	0	0	0	0	0	0	0	0	0	0	0	0	0	0	0	0	0	0	0	0	0	0	0	0	0	0	0	0	0	0	0	0	0	0	0	0
"Na21"	19553.57389	11	0.00590757	0.0015372	0.000169233	3.52667e-05	1.66667e-07	0	0	0	0	0	0	0	0	0	0	0	0	0	0	0	0	0	0	0	0	0	0	0	0	0	0	0	0	0	0	0	0	0	0	0	0	0	0	0	0
"Na22"	20482.06964	11	0.0846708	0.0078625	0.000441933	6.45667e-05	3.33333e-08	0	0	0	0	0	0	0	0	0	0	0	0	0	0	0	0	0	0	0	0	0	0	0	0	0	0	0	0	0	0	0	0	0	0	0	0	0	0	0	0
"Na23"	21409.21625	11	0.160775	0.00173577	7.36333e-05	1.35e-05	0	0	0	0	0	0	0	0	0	0	0	0	0	0	0	0	0	0	0	0	0	0	0	0	0	0	0	0	0	0	0	0	0	0	0	0	0	0	0	0	0
"Na24"	22341.82202	11	0.0247937	4.51333e-05	5.03333e-06	2.43333e-06	0	0	0	0	0	0	0	0	0	0	0	0	0	0	0	0	0	0	0	0	0	0	0	0	0	0	0	0	0	0	0	0	0	0	0	0	0	0	0	0	0
"Na25"	23272.37635	11	0.000447933	1.43333e-06	2.33333e-07	1.33333e-07	0	0	0	0	0	0	0	0	0	0	0	0	0	0	0	0	0	0	0	0	0	0	0	0	0	0	0	0	0	0	0	0	0	0	0	0	0	0	0	0	0
"Ne16"	14922.79447	10	0	3.33333e-08	0	3.33333e-08	0.00509413	0.004763	0.00333113	0.00215567	0.00143843	0.000987267	0.000724233	0.000553	0.0004352	0.000345767	0.0002798	0.000233867	0.000201467	0.0001648	0.0001408	0.000122467	0.000103967	9.03667e-05	7.88e-05	6.92333e-05	6.11e-05	5.36e-05	4.66667e-05	4.12e-05	4.05667e-05	3.45667e-05	3.42e-05	3.04333e-05	2.83333e-05	2.63333e-05	2.49667e-05	2.39e-05	2.14333e-05	2.2e-05	2.18667e-05	1.96e-05	1.97e-05	1.8e-05	1.87333e-05	1.76667e-05	1.65667e-05
"Ne17"	15846.75293	10	2.66667e-07	3.56667e-06	6.56667e-06	9.76667e-06	0.00614057	0.00215937	0.000578633	0.000139367	3.07333e-05	6.66667e-06	1.06667e-06	4e-07	3.33333e-08	6.66667e-08	0	0	0	3.33333e-08	0	3.33333e-08	1e-07	3.33333e-08	3.33333e-08	2e-07	3.33333e-08	3e-07	3.66667e-07	5.66667e-07	5e-07	8e-07	7.66667e-07	7e-07	9.66667e-07	9e-07	7.33333e-07	6e-07	7e-07	5.66667e-07	9.66667e-07	6.66667e-07	9.66667e-07	6.33333e-07	7e-07	6.66667e-07	5.33333e-07
"Ne18"	16767.10323	10	6.05333e-05	0.0036881	0.00702277	0.0061107	0.0023216	0.000223967	1.26e-05	7.66667e-07	1.33333e-07	0	0	0	0	0	0	0	0	0	0	0	0	0	0	0	0	0	0	0	0	0	0	0	0	0	0	0	0	0	0	0	0	0	0	0	0
"Ne19"	17695.03153	10	0.00151507	0.00381137	0.00264547	0.0013945	6.42e-05	6.66667e-07	1.33333e-07	0	0	0	0	0	0	0	0	0	0	0	0	0	0	0	0	0	0	0	0	0	0	0	0	0	0	0	0	0	0	0	0	0	0	0	0	0	0
"Ne20"	18617.73218	10	0.126382	0.0302312	0.00550327	0.00147207	1.66667e-07	0	0	0	0	0	0	0	0	0	0	0	0	0	0	0	0	0	0	0	0	0	0	0	0	0	0	0	0	0	0	0	0	0	0	0	0	0	0	0	0
"Ne21"	19550.53637	10	0.0863475	0.0205124	0.0018757	0.000327067	1e-07	3.33333e-08	0	0	0	0	0	0	0	0	0	0	0	0	0	0	0	0	0	0	0	0	0	0	0	0	0	0	0	0	0	0	0	0	0	0	0	0	0	0	0
"Ne22"	20479.73746	10	0.011408	0.0021978	0.000130667	2.15333e-05	0	0	0	0	0	0	0	0	0	0	0	0	0	0	0	0	0	0	0	0	0	0	0	0	0	0	0	0	0	0	0	0	0	0	0	0	0	0	0	0	0
"Ne23"	21414.10215	10	0.001505	4.62333e-05	2.6e-06	6e-07	0	0	0	0	0	0	0	0	0	0	0	0	0	0	0	0	0	0	0	0	0	0	0	0	0	0	0	0	0	0	0	0	0	0	0	0	0	0	0	0	0
"Ne24"	22344.79871	10	9.81667e-05	8.33333e-07	0	0	0	0	0	0	0	0	0	0	0	0	0	0	0	0	0	0	0	0	0	0	0	0	0	0	0	0	0	0	0	0	0	0	0	0	0	0	0	0	0	0	0
"neutron"	939.565378	0	1.01761	0.968543	0.885241	0.963328	1.98426	2.22102	2.4068	2.5581	2.682	2.78795	2.87873	2.95635	3.02461	3.08476	3.13695	3.18546	3.22754	3.26675	3.30334	3.3372	3.36887	3.39934	3.42609	3.4524	3.47613	3.50032	3.52236	3.54384	3.562	3.58077	3.59764	3.61449	3.63106	3.64612	3.6601	3.67447	3.68766	3.70107	3.714	3.72659	3.73994	3.75156	3.76416	3.77516	3.7875
"O13"	12128.44888	8	0	5.33333e-07	7e-07	9.66667e-07	0.000612433	0.00147373	0.00222017	0.00257263	0.00264007	0.00256753	0.002396	0.00222607	0.00204753	0.00190483	0.00176333	0.0016491	0.001538	0.00144553	0.00136563	0.0013019	0.00123817	0.00119093	0.00115247	0.0011115	0.00108913	0.00104647	0.00101723	0.00101903	0.0010003	0.000982767	0.000963833	0.000968367	0.000954833	0.000947167	0.000941867	0.0009464	0.000936433	0.000931967	0.0009356	0.000929033	0.000930467	0.0009385	0.000933467	0.000944333	0.0009443
"O14"	13044.83784	8	5.63333e-06	4.87667e-05	5.47e-05	6.24e-05	0.0127987	0.0226018	0.0275084	0.028436	0.0273128	0.0256401	0.0237849	0.022111	0.0206319	0.0192826	0.0182427	0.0172683	0.0164996	0.015786	0.0152829	0.0148233	0.0144416	0.0141734	0.0139024	0.0137471	0.0136237	0.0134981	0.013374	0.0133192	0.0132759	0.0131724	0.0131763	0.013139	0.0131249	0.0131407	0.0131282	0.0131386	0.0131274	0.0131495	0.0131475	0.0131275	0.0131369	0.0131302	0.01313	0.0131424	0.0131554
"O15"	13971.18011	8	0.0059374	0.0306935	0.0308398	0.0296935	0.133809	0.143187	0.139774	0.133036	0.127131	0.122487	0.118823	0.115985	0.113517	0.111764	0.110225	0.109074	0.108057	0.107227	0.106717	0.106276	0.105744	0.105321	0.105115	0.104936	0.104805	0.104634	0.104527	0.104459	0.104222	0.104189	0.104137	0.104035	0.103783	0.103637	0.103509	0.103389	0.103217	0.103068	0.102891	0.102578	0.102287	0.102088	0.10186	0.101656	0.101395
"O16"	14895.08153	8	0.0458763	0.0570822	0.0556951	0.0605143	0.122716	0.101364	0.0817799	0.0675456	0.0578987	0.0511247	0.04636	0.0426861	0.0395438	0.036861	0.0345536	0.0323677	0.0304105	0.0286596	0.0270474	0.0255753	0.024205	0.023002	0.0219213	0.0209038	0.0199997	0.0191701	0.0184274	0.0177413	0.0171565	0.0166027	0.016088	0.0156298	0.0152659	0.014887	0.0145693	0.0143362	0.0140807	0.0138526	0.0136964	0.0135143	0.0133888	0.0132444	0.013136	0.0130509	0.0129169
"O17"	15830.50375	8	0.0518708	0.0803301	0.0998326	0.0972196	0.0195829	0.00746713	0.0023961	0.000714333	0.000189467	4.52e-05	9e-06	1.2e-06	2.33333e-07	6.66667e-08	0	0	0	6.66667e-08	0	6.66667e-08	3.33333e-08	4e-07	2.66667e-07	3.66667e-07	6e-07	1.23333e-06	1.9e-06	2.16667e-06	3.5e-06	4.3e-06	4.1e-06	5.56667e-06	5.3e-06	6.43333e-06	5.76667e-06	6.13333e-06	5.73333e-06	6.66667e-06	6.3e-06	6.2e-06	6.73333e-06	6.13333e-06	5.66667e-06	6.16667e-06	5.86667e-06
"O18"	16762.02507	8	0.0025448	0.0131653	0.0169799	0.0133531	0.0019042	0.000209633	1.35333e-05	5.66667e-07	3.33333e-08	3.33333e-08	0	0	0	0	0	0	0	0	0	0	0	0	0	0	0	0	0	0	0	0	0	0	0	0	0	0	0	0	0	0	0	0	0	0	0
"O19"	17697.63549	8	5.17333e-05	0.000627533	0.000413367	0.000231233	1.84e-05	4.66667e-07	1e-07	0	0	0	0	0	0	0	0	0	0	0	0	0	0	0	0	0	0	0	0	0	0	0	0	0	0	0	0	0	0	0	0	0	0	0	0	0	0
"O20"	18629.59211	8	2.33333e-07	3.98667e-05	1.61667e-05	6.73333e-06	0	0	0	0	0	0	0	0	0	0	0	0	0	0	0	0	0	0	0	0	0	0	0	0	0	0	0	0	0	0	0	0	0	0	0	0	0	0	0	0	0
"O21"	19565.35158	8	0	3.03333e-06	3.33333e-07	1e-07	0	0	0	0	0	0	0	0	0	0	0	0	0	0	0	0	0	0	0	0	0	0	0	0	0	0	0	0	0	0	0	0	0	0	0	0	0	0	0	0	0
"O22"	20498.06686	8	0	3.33333e-08	0	0	0	0	0	0	0	0	0	0	0	0	0	0	0	0	0	0	0	0	0	0	0	0	0	0	0	0	0	0	0	0	0	0	0	0	0	0	0	0	0	0	0
"pi-"	139.57018	-1	0	0	0	0	0	0	0	0	0	0	0	0	0	0	0	3.33333e-08	2.66667e-07	7.66667e-07	2.23333e-06	5.03333e-06	1.03667e-05	1.97e-05	3.73e-05	6.47333e-05	0.000109567	0.0001967	0.0003374	0.0005788	0.0009557	0.0015485	0.0023511	0.00348543	0.00494127	0.00682477	0.00918187	0.0120066	0.0153374	0.019232	0.0235656	0.0286538	0.034259	0.0404294	0.0470605	0.0543565	0.0621364
"pi+"	139.57018	1	0	0	0	0	0	0	0	0	0	0	0	0	0	0	0	3.33333e-08	3e-07	3.33333e-07	1.66667e-06	4.4e-06	8.83333e-06	1.69333e-05	3.12667e-05	5.45e-05	9.13667e-05	0.000169967	0.000302667	0.000524933	0.0008871	0.00141557	0.00216487	0.00322773	0.0045403	0.00632253	0.00840973	0.0110151	0.0140914	0.0176762	0.0218253	0.0264836	0.0316835	0.0374035	0.0437216	0.0505532	0.0578899
"pi0"	134.9766	0	0	0	0	0	0	0	0	0	0	0	0	0	0	0	0	6.66667e-08	4e-07	1.06667e-06	2.6e-06	6.16667e-06	1.15e-05	2.35e-05	4.20667e-05	7.19333e-05	0.000120567	0.000206333	0.0003632	0.0006051	0.000986433	0.001551	0.0023298	0.00340787	0.00479473	0.0065481	0.0087693	0.0113809	0.0144626	0.0180089	0.0221477	0.026725	0.0319313	0.0374984	0.0436944	0.050395	0.0575044
"proton"	938.272013	1	1.44339	1.24723	1.12349	1.1981	2.1569	2.39583	2.5828	2.73361	2.8559	2.96001	3.04889	3.12445	3.19221	3.25118	3.30278	3.3502	3.39168	3.43006	3.46601	3.49828	3.52908	3.55854	3.58441	3.60928	3.63213	3.65459	3.67639	3.69654	3.71419	3.73186	3.74829	3.76418	3.78057	3.79479	3.80923	3.8227	3.83647	3.8495	3.86198	3.87492	3.88877	3.90096	3.9138	3.92528	3.93812
"Si25"	23284.02896	14	5.33333e-07	1e-07	0	6.66667e-08	0	0	0	0	0	0	0	0	0	0	0	0	0	0	0	0	0	0	0	0	0	0	0	0	0	0	0	0	0	0	0	0	0	0	0	0	0	0	0	0	0
"Si26"	24204.55403	14	2.1e-06	1.93333e-06	8e-07	3.66667e-07	0	0	0	0	0	0	0	0	0	0	0	0	0	0	0	0	0	0	0	0	0	0	0	0	0	0	0	0	0	0	0	0	0	0	0	0	0	0	0	0	0
"Si27"	25130.80839	14	3.11333e-05	2.22e-05	4.33333e-06	1.46667e-06	0	0	0	0	0	0	0	0	0	0	0	0	0	0	0	0	0	0	0	0	0	0	0	0	0	0	0	0	0	0	0	0	0	0	0	0	0	0	0	0	0
"Si28"	26053.19393	14	0.000393667	3.74667e-05	2.8e-06	2.5e-06	0	0	0	0	0	0	0	0	0	0	0	0	0	0	0	0	0	0	0	0	0	0	0	0	0	0	0	0	0	0	0	0	0	0	0	0	0	0	0	0	0
"triton"	2808.921	1	0.0568679	0.43087	0.695728	0.780918	0.152398	0.152839	0.153403	0.154715	0.156409	0.158628	0.160758	0.163072	0.165533	0.16787	0.169982	0.17209	0.173767	0.175717	0.17762	0.179293	0.180925	0.182667	0.184415	0.185779	0.187208	0.188503	0.190091	0.19142	0.192548	0.193627	0.194826	0.195702	0.196711	0.197477	0.198243	0.198913	0.199567	0.200186	0.200588	0.201027	0.201657	0.202124	0.202277	0.202576	0.202897
